301
3300
0 0 1 0
1 0 2 0
2 0 3 0
3 0 4 0
4 0 5 0
5 0 6 0
6 0 7 0
7 0 8 0
8 0 9 0
9 0 10 0
10 0 11 0
11 0 12 0
12 0 13 0
13 0 14 0
14 0 15 0
15 0 16 0
16 0 17 0
17 0 18 0
18 0 19 0
19 0 20 0
20 0 21 0
21 0 22 0
22 0 23 0
23 0 24 0
24 0 25 0
25 0 26 0
26 0 27 0
27 0 28 0
28 0 29 0
29 0 30 0
30 0 31 0
31 0 32 0
32 0 33 0
33 0 34 0
34 0 35 0
35 0 36 0
36 0 37 0
37 0 38 0
38 0 39 0
39 0 40 0
40 0 41 0
41 0 42 0
42 0 43 0
43 0 44 0
44 0 45 0
45 0 46 0
46 0 47 0
47 0 48 0
48 0 49 0
49 0 50 0
50 0 51 0
51 0 52 0
52 0 53 0
53 0 54 0
54 0 55 0
55 0 56 0
56 0 57 0
57 0 58 0
58 0 59 0
59 0 60 0
60 0 61 0
61 0 62 0
62 0 63 0
63 0 64 0
64 0 65 0
65 0 66 0
66 0 67 0
67 0 68 0
68 0 69 0
69 0 70 0
70 0 71 0
71 0 72 0
72 0 73 0
73 0 74 0
74 0 75 0
75 0 76 0
76 0 77 0
77 0 78 0
78 0 79 0
79 0 80 0
80 0 81 0
81 0 82 0
82 0 83 0
83 0 84 0
84 0 85 0
85 0 86 0
86 0 87 0
87 0 88 0
88 0 89 0
89 0 90 0
90 0 91 0
91 0 92 0
92 0 93 0
93 0 94 0
94 0 95 0
95 0 96 0
96 0 97 0
97 0 98 0
98 0 99 0
99 0 100 0
100 0 101 0
101 0 102 0
102 0 103 0
103 0 104 0
104 0 105 0
105 0 106 0
106 0 107 0
107 0 108 0
108 0 109 0
109 0 110 0
110 0 111 0
111 0 112 0
112 0 113 0
113 0 114 0
114 0 115 0
115 0 116 0
116 0 117 0
117 0 118 0
118 0 119 0
119 0 120 0
120 0 121 0
121 0 122 0
122 0 123 0
123 0 124 0
124 0 125 0
125 0 126 0
126 0 127 0
127 0 128 0
128 0 129 0
129 0 130 0
130 0 131 0
131 0 132 0
132 0 133 0
133 0 134 0
134 0 135 0
135 0 136 0
136 0 137 0
137 0 138 0
138 0 139 0
139 0 140 0
140 0 141 0
141 0 142 0
142 0 143 0
143 0 144 0
144 0 145 0
145 0 146 0
146 0 147 0
147 0 148 0
148 0 149 0
149 0 150 0
150 0 151 0
151 0 152 0
152 0 153 0
153 0 154 0
154 0 155 0
155 0 156 0
156 0 157 0
157 0 158 0
158 0 159 0
159 0 160 0
160 0 161 0
161 0 162 0
162 0 163 0
163 0 164 0
164 0 165 0
165 0 166 0
166 0 167 0
167 0 168 0
168 0 169 0
169 0 170 0
170 0 171 0
171 0 172 0
172 0 173 0
173 0 174 0
174 0 175 0
175 0 176 0
176 0 177 0
177 0 178 0
178 0 179 0
179 0 180 0
180 0 181 0
181 0 182 0
182 0 183 0
183 0 184 0
184 0 185 0
185 0 186 0
186 0 187 0
187 0 188 0
188 0 189 0
189 0 190 0
190 0 191 0
191 0 192 0
192 0 193 0
193 0 194 0
194 0 195 0
195 0 196 0
196 0 197 0
197 0 198 0
198 0 199 0
199 0 200 0
200 0 201 0
201 0 202 0
202 0 203 0
203 0 204 0
204 0 205 0
205 0 206 0
206 0 207 0
207 0 208 0
208 0 209 0
209 0 210 0
210 0 211 0
211 0 212 0
212 0 213 0
213 0 214 0
214 0 215 0
215 0 216 0
216 0 217 0
217 0 218 0
218 0 219 0
219 0 220 0
220 0 221 0
221 0 222 0
222 0 223 0
223 0 224 0
224 0 225 0
225 0 226 0
226 0 227 0
227 0 228 0
228 0 229 0
229 0 230 0
230 0 231 0
231 0 232 0
232 0 233 0
233 0 234 0
234 0 235 0
235 0 236 0
236 0 237 0
237 0 238 0
238 0 239 0
239 0 240 0
240 0 241 0
241 0 242 0
242 0 243 0
243 0 244 0
244 0 245 0
245 0 246 0
246 0 247 0
247 0 248 0
248 0 249 0
249 0 250 0
250 0 251 0
251 0 252 0
252 0 253 0
253 0 254 0
254 0 255 0
255 0 256 0
256 0 257 0
257 0 258 0
258 0 259 0
259 0 260 0
260 0 261 0
261 0 262 0
262 0 263 0
263 0 264 0
264 0 265 0
265 0 266 0
266 0 267 0
267 0 268 0
268 0 269 0
269 0 270 0
270 0 271 0
271 0 272 0
272 0 273 0
273 0 274 0
274 0 275 0
275 0 276 0
276 0 277 0
277 0 278 0
278 0 279 0
279 0 280 0
280 0 281 0
281 0 282 0
282 0 283 0
283 0 284 0
284 0 285 0
285 0 286 0
286 0 287 0
287 0 288 0
288 0 289 0
289 0 290 0
290 0 291 0
291 0 292 0
292 0 293 0
293 0 294 0
294 0 295 0
295 0 296 0
296 0 297 0
297 0 298 0
298 0 299 0
299 0 300 0
300 1 63 1
301 1 119 210
302 1 120 84
303 1 167 178
304 1 221 96
305 1 57 853
306 1 214 713
307 1 74 68
308 1 112 864
309 1 52 875
310 1 203 641
311 1 287 761
312 1 212 340
313 1 17 499
314 1 234 631
315 1 160 567
316 1 192 715
317 1 24 545
318 1 9 523
319 2 119 6
320 2 143 476
321 2 152 235
322 2 110 885
323 2 96 416
324 2 244 262
325 2 113 219
326 2 63 383
327 2 205 455
328 2 293 31
329 2 40 161
330 2 47 151
331 2 15 477
332 2 232 63
333 2 217 203
334 2 48 660
335 2 160 999
336 2 202 777
337 2 25 72
338 2 16 487
339 3 46 990
340 3 206 494
341 3 258 969
342 3 241 936
343 3 32 546
344 3 20 635
345 3 97 847
346 3 223 422
347 3 147 202
348 3 152 976
349 3 170 571
350 3 33 499
351 3 164 876
352 3 92 527
353 3 126 287
354 3 172 490
355 3 55 403
356 3 93 237
357 3 39 611
358 4 100 20
359 4 114 486
360 4 242 901
361 4 157 60
362 4 121 249
363 4 262 39
364 4 253 531
365 4 197 866
366 4 208 434
367 4 53 703
368 4 75 164
369 4 245 982
370 4 69 914
371 4 73 526
372 4 106 986
373 4 239 686
374 4 154 860
375 4 156 512
376 4 45 698
377 4 219 813
378 5 210 14
379 5 97 387
380 5 37 154
381 5 170 631
382 5 47 868
383 5 127 565
384 5 16 199
385 5 89 591
386 5 257 597
387 5 112 372
388 5 162 390
389 5 179 323
390 5 113 409
391 5 243 704
392 5 54 391
393 5 44 11
394 5 215 396
395 5 228 249
396 5 123 150
397 5 136 822
398 5 58 366
399 6 243 808
400 6 117 556
401 6 114 159
402 6 169 11
403 6 232 62
404 6 299 806
405 6 283 84
406 6 262 854
407 6 188 826
408 6 40 954
409 6 116 809
410 6 11 760
411 6 129 733
412 6 44 284
413 6 33 818
414 6 240 368
415 6 127 231
416 6 18 160
417 6 68 267
418 7 65 297
419 7 211 2
420 7 200 948
421 7 209 730
422 7 162 853
423 7 256 946
424 7 235 585
425 7 270 725
426 7 59 656
427 7 220 540
428 7 114 53
429 7 253 428
430 7 96 614
431 7 210 340
432 7 193 851
433 7 264 220
434 7 108 613
435 8 18 24
436 8 157 869
437 8 60 569
438 8 207 145
439 8 59 180
440 8 91 925
441 8 16 459
442 8 216 569
443 8 270 743
444 8 195 614
445 8 241 483
446 8 58 881
447 8 222 859
448 8 233 500
449 8 90 992
450 8 56 269
451 9 105 666
452 9 258 335
453 9 212 722
454 9 27 20
455 9 283 164
456 9 164 867
457 9 137 669
458 9 165 331
459 9 240 118
460 9 12 447
461 9 252 939
462 9 243 712
463 9 278 766
464 9 232 517
465 9 117 853
466 9 60 788
467 9 193 578
468 9 198 95
469 9 15 7
470 10 136 903
471 10 30 603
472 10 86 60
473 10 141 373
474 10 180 378
475 10 144 378
476 10 12 887
477 10 158 302
478 10 197 895
479 10 36 238
480 10 243 337
481 10 15 250
482 10 44 37
483 10 246 162
484 10 200 789
485 10 258 427
486 10 229 95
487 10 298 682
488 10 85 166
489 10 161 718
490 10 100 687
491 10 238 166
492 11 77 256
493 11 212 388
494 11 272 872
495 11 190 588
496 11 123 61
497 11 91 322
498 11 38 732
499 11 235 760
500 11 219 560
501 11 20 495
502 11 159 697
503 11 62 272
504 11 24 728
505 11 248 252
506 11 103 551
507 11 130 573
508 11 52 559
509 11 157 369
510 11 57 919
511 11 260 220
512 12 176 161
513 12 173 654
514 12 290 784
515 12 232 10
516 12 72 748
517 12 296 686
518 12 171 66
519 12 108 729
520 12 104 99
521 12 139 735
522 12 174 371
523 12 223 618
524 12 25 663
525 12 29 307
526 12 87 656
527 12 238 747
528 12 259 975
529 12 128 482
530 12 258 246
531 12 185 531
532 13 112 41
533 13 45 42
534 13 178 690
535 13 282 457
536 13 117 619
537 13 258 999
538 13 106 170
539 13 29 514
540 13 126 439
541 13 128 918
542 13 116 646
543 13 160 258
544 13 159 884
545 13 225 312
546 13 103 792
547 13 293 276
548 13 149 904
549 13 237 853
550 13 99 167
551 13 108 447
552 13 265 847
553 13 216 605
554 13 276 603
555 13 272 539
556 13 284 202
557 14 267 841
558 14 198 376
559 14 130 992
560 14 167 919
561 14 178 612
562 14 146 426
563 14 229 112
564 14 154 369
565 14 240 969
566 14 37 363
567 14 52 813
568 14 208 591
569 14 18 586
570 14 192 6
571 14 25 190
572 14 67 86
573 15 38 50
574 15 73 242
575 15 76 883
576 15 149 813
577 15 102 419
578 15 118 965
579 15 106 29
580 15 239 848
581 15 39 927
582 15 205 428
583 15 114 268
584 15 200 63
585 15 61 666
586 15 274 899
587 15 44 907
588 15 218 730
589 15 154 232
590 15 152 475
591 15 175 299
592 15 147 360
593 15 145 904
594 15 235 800
595 15 281 770
596 15 193 353
597 16 46 223
598 16 235 832
599 16 259 120
600 16 201 630
601 16 148 57
602 16 96 279
603 16 180 396
604 16 233 97
605 16 147 697
606 16 274 79
607 16 157 594
608 16 207 279
609 16 271 412
610 16 193 226
611 17 171 569
612 17 279 40
613 17 176 539
614 17 300 31
615 17 252 453
616 17 184 922
617 17 79 174
618 17 164 821
619 17 93 650
620 17 146 785
621 17 258 363
622 17 280 109
623 17 113 787
624 17 74 561
625 17 44 794
626 17 49 526
627 17 219 815
628 17 111 879
629 17 266 256
630 17 283 564
631 17 105 338
632 18 91 300
633 18 212 132
634 18 300 508
635 18 281 408
636 18 232 582
637 18 99 480
638 18 50 582
639 18 49 982
640 18 297 128
641 18 168 987
642 18 107 495
643 18 190 685
644 18 138 263
645 18 224 807
646 18 59 825
647 18 211 72
648 18 116 497
649 18 227 304
650 18 92 269
651 18 71 15
652 18 162 181
653 18 131 35
654 19 46 151
655 19 118 62
656 19 40 702
657 19 215 206
658 19 242 746
659 19 124 210
660 19 282 526
661 19 112 354
662 19 260 932
663 19 199 380
664 19 277 121
665 19 141 787
666 19 77 36
667 19 205 77
668 19 82 661
669 19 27 595
670 19 227 114
671 19 176 328
672 19 71 864
673 19 91 683
674 19 126 460
675 19 42 521
676 19 196 489
677 19 67 339
678 19 252 380
679 20 80 826
680 20 122 999
681 20 168 655
682 20 57 49
683 20 178 807
684 20 127 139
685 20 228 602
686 20 241 551
687 20 50 129
688 20 175 344
689 20 293 484
690 20 46 877
691 21 294 265
692 21 203 534
693 21 65 391
694 21 270 967
695 21 223 382
696 21 266 251
697 21 80 844
698 21 146 322
699 21 141 241
700 21 295 762
701 21 298 86
702 21 127 418
703 21 41 641
704 21 56 320
705 21 155 693
706 21 25 848
707 21 237 15
708 21 241 665
709 21 39 623
710 21 135 394
711 21 230 973
712 22 137 666
713 22 187 828
714 22 264 47
715 22 229 195
716 22 194 781
717 22 54 448
718 22 101 661
719 22 145 571
720 22 191 47
721 22 105 6
722 22 141 429
723 22 94 188
724 22 235 193
725 22 65 27
726 22 183 448
727 22 260 140
728 23 284 923
729 23 171 4
730 23 213 610
731 23 236 650
732 23 259 814
733 23 136 175
734 23 76 439
735 23 261 599
736 23 188 464
737 23 137 739
738 23 101 175
739 23 37 356
740 23 183 504
741 23 153 956
742 23 120 660
743 23 196 703
744 23 272 412
745 23 300 981
746 23 167 363
747 23 52 587
748 23 160 629
749 23 133 140
750 23 157 325
751 23 179 774
752 24 226 456
753 24 253 147
754 24 30 330
755 24 175 391
756 24 98 703
757 24 209 350
758 24 224 244
759 24 34 521
760 24 127 570
761 24 288 33
762 24 279 525
763 24 36 677
764 24 81 978
765 24 254 221
766 24 140 124
767 25 242 82
768 25 157 521
769 25 114 891
770 25 104 607
771 25 138 112
772 25 218 584
773 25 166 211
774 25 256 916
775 25 158 386
776 25 189 681
777 25 216 327
778 25 288 625
779 25 254 140
780 25 69 921
781 25 131 508
782 25 93 873
783 25 75 815
784 25 123 994
785 25 102 833
786 25 106 637
787 25 300 926
788 26 258 84
789 26 270 658
790 26 165 707
791 26 118 519
792 26 226 589
793 26 241 410
794 26 259 888
795 26 65 762
796 26 146 807
797 26 206 707
798 26 100 715
799 26 174 453
800 26 131 246
801 26 205 318
802 26 62 183
803 26 123 896
804 26 295 797
805 26 59 111
806 27 118 857
807 27 213 188
808 27 260 86
809 27 246 900
810 27 296 324
811 27 209 462
812 27 112 744
813 27 243 569
814 27 88 760
815 27 129 524
816 27 298 109
817 27 135 87
818 27 111 620
819 27 64 854
820 28 55 183
821 28 254 844
822 28 230 871
823 28 141 652
824 28 126 738
825 28 97 758
826 28 280 557
827 28 92 904
828 28 281 423
829 28 67 967
830 28 183 259
831 28 123 913
832 28 290 51
833 28 204 961
834 28 56 199
835 28 293 743
836 28 148 316
837 28 113 564
838 28 155 462
839 28 272 761
840 28 151 327
841 28 255 166
842 28 264 411
843 28 176 713
844 29 148 491
845 29 163 95
846 29 170 566
847 29 246 96
848 29 268 725
849 29 288 829
850 29 146 481
851 29 214 637
852 29 222 322
853 29 168 87
854 29 33 25
855 29 162 591
856 29 187 82
857 29 138 621
858 29 227 87
859 29 154 937
860 29 291 698
861 29 57 128
862 29 32 523
863 29 185 753
864 29 173 138
865 29 234 967
866 29 61 855
867 30 125 414
868 30 173 100
869 30 146 76
870 30 213 911
871 30 278 703
872 30 114 413
873 30 48 791
874 30 103 424
875 30 262 467
876 30 276 986
877 30 267 693
878 30 53 559
879 30 195 628
880 30 35 306
881 30 266 871
882 30 68 84
883 30 115 706
884 30 46 778
885 30 73 150
886 30 126 437
887 30 31 988
888 30 297 935
889 30 280 90
890 30 89 701
891 30 227 427
892 30 177 471
893 31 64 44
894 31 95 710
895 31 145 341
896 31 88 639
897 31 161 490
898 31 156 462
899 31 77 13
900 31 83 554
901 31 97 548
902 31 210 174
903 31 293 502
904 31 247 549
905 32 51 924
906 32 52 358
907 32 245 584
908 32 40 738
909 32 171 201
910 32 269 610
911 32 36 975
912 32 295 840
913 32 61 327
914 32 253 164
915 32 158 165
916 32 190 833
917 32 44 723
918 32 144 109
919 32 206 880
920 32 169 540
921 32 118 104
922 32 77 331
923 33 48 159
924 33 156 170
925 33 37 773
926 33 39 794
927 33 218 288
928 33 276 517
929 33 178 922
930 33 190 622
931 33 141 605
932 33 267 422
933 33 164 655
934 33 212 872
935 33 172 15
936 33 229 19
937 33 45 821
938 33 189 246
939 33 197 370
940 33 111 804
941 33 179 956
942 33 233 247
943 34 156 519
944 34 243 807
945 34 186 677
946 34 85 55
947 34 153 747
948 34 67 937
949 34 89 38
950 34 233 198
951 34 46 480
952 34 43 486
953 34 56 668
954 34 165 220
955 34 245 974
956 34 50 200
957 34 285 37
958 34 190 467
959 34 42 557
960 34 264 722
961 34 162 729
962 34 183 876
963 34 202 103
964 35 286 116
965 35 171 594
966 35 197 948
967 35 158 155
968 35 95 22
969 35 190 249
970 35 249 648
971 35 254 823
972 35 54 658
973 35 256 170
974 35 251 396
975 35 290 837
976 35 245 141
977 35 200 252
978 35 119 714
979 35 37 762
980 35 292 429
981 35 248 611
982 35 280 595
983 36 196 788
984 36 41 726
985 36 299 600
986 36 105 387
987 36 140 633
988 36 118 652
989 36 100 232
990 36 242 506
991 36 129 514
992 36 237 501
993 36 52 808
994 36 183 319
995 36 262 401
996 36 250 781
997 36 253 255
998 36 144 318
999 36 187 333
1000 36 243 178
1001 37 98 154
1002 37 243 113
1003 37 244 854
1004 37 223 672
1005 37 103 808
1006 37 277 991
1007 37 222 587
1008 37 229 831
1009 37 295 192
1010 37 159 281
1011 37 42 728
1012 37 101 797
1013 38 187 125
1014 38 45 149
1015 38 130 628
1016 38 208 140
1017 38 271 376
1018 38 185 268
1019 38 214 760
1020 38 77 495
1021 38 146 112
1022 38 290 480
1023 38 291 850
1024 38 55 607
1025 38 200 249
1026 39 198 127
1027 39 57 128
1028 39 299 316
1029 39 170 29
1030 39 110 423
1031 39 262 50
1032 39 168 487
1033 39 278 742
1034 39 157 92
1035 39 167 645
1036 39 181 256
1037 39 45 148
1038 39 256 217
1039 39 100 360
1040 40 166 748
1041 40 258 904
1042 40 236 123
1043 40 296 737
1044 40 132 469
1045 40 242 77
1046 40 212 606
1047 40 75 487
1048 40 106 443
1049 40 61 447
1050 40 214 657
1051 40 59 170
1052 40 292 263
1053 40 80 898
1054 41 113 374
1055 41 95 989
1056 41 235 23
1057 41 212 735
1058 41 190 616
1059 41 265 653
1060 41 111 978
1061 41 248 276
1062 41 155 917
1063 41 199 859
1064 41 70 665
1065 41 293 228
1066 41 186 819
1067 41 256 680
1068 41 81 452
1069 41 205 674
1070 41 161 92
1071 41 108 463
1072 42 255 211
1073 42 107 139
1074 42 171 924
1075 42 81 316
1076 42 150 526
1077 42 162 932
1078 42 58 984
1079 42 220 194
1080 42 61 969
1081 42 265 688
1082 42 213 101
1083 42 93 477
1084 42 296 517
1085 42 234 43
1086 42 108 391
1087 42 92 489
1088 42 276 97
1089 42 109 881
1090 42 252 490
1091 42 140 344
1092 42 131 583
1093 42 185 909
1094 42 182 317
1095 42 66 171
1096 42 147 314
1097 43 278 924
1098 43 138 993
1099 43 261 606
1100 43 284 344
1101 43 108 795
1102 43 180 449
1103 43 107 562
1104 43 65 369
1105 43 119 300
1106 43 97 249
1107 43 206 623
1108 43 133 229
1109 43 265 147
1110 43 277 312
1111 43 110 449
1112 43 200 827
1113 43 62 591
1114 43 208 610
1115 43 194 673
1116 44 63 577
1117 44 228 226
1118 44 162 995
1119 44 174 331
1120 44 193 729
1121 44 274 113
1122 44 281 155
1123 44 73 224
1124 44 211 897
1125 44 260 8
1126 44 54 995
1127 44 177 733
1128 44 254 41
1129 44 230 378
1130 44 276 731
1131 44 127 655
1132 45 63 207
1133 45 119 684
1134 45 86 298
1135 45 118 269
1136 45 187 920
1137 45 219 287
1138 45 172 549
1139 45 207 157
1140 45 193 545
1141 45 294 638
1142 45 130 294
1143 45 229 959
1144 45 223 316
1145 45 71 460
1146 45 165 149
1147 45 210 791
1148 45 255 442
1149 45 176 323
1150 45 154 306
1151 45 48 685
1152 45 155 98
1153 46 132 944
1154 46 214 514
1155 46 209 912
1156 46 70 942
1157 46 148 829
1158 46 135 522
1159 46 67 369
1160 46 262 105
1161 46 99 738
1162 46 203 479
1163 46 254 141
1164 46 140 152
1165 46 255 963
1166 46 241 91
1167 46 63 584
1168 47 293 673
1169 47 103 439
1170 47 150 988
1171 47 252 787
1172 47 75 357
1173 47 220 191
1174 47 295 906
1175 47 113 467
1176 47 219 771
1177 47 147 449
1178 47 67 208
1179 47 195 954
1180 47 260 72
1181 47 296 683
1182 47 188 85
1183 47 275 240
1184 47 81 774
1185 47 111 553
1186 47 262 567
1187 47 99 142
1188 47 218 128
1189 47 242 790
1190 47 205 540
1191 48 82 916
1192 48 230 378
1193 48 109 840
1194 48 104 656
1195 48 265 939
1196 48 59 578
1197 48 131 580
1198 48 122 257
1199 48 289 704
1200 48 285 652
1201 48 176 834
1202 48 92 303
1203 49 77 256
1204 49 70 859
1205 49 236 865
1206 49 119 276
1207 49 112 384
1208 49 162 384
1209 49 249 6
1210 49 272 613
1211 49 212 621
1212 49 193 848
1213 49 126 633
1214 49 97 522
1215 49 258 509
1216 49 273 780
1217 49 171 514
1218 49 290 997
1219 49 143 199
1220 49 90 107
1221 49 169 248
1222 50 101 164
1223 50 249 977
1224 50 82 996
1225 50 293 98
1226 50 258 726
1227 50 254 245
1228 50 92 819
1229 50 187 316
1230 50 141 170
1231 50 162 260
1232 50 156 533
1233 50 205 904
1234 50 83 372
1235 50 196 27
1236 50 246 202
1237 50 128 994
1238 50 91 482
1239 50 260 683
1240 50 127 426
1241 50 255 25
1242 50 77 880
1243 51 298 992
1244 51 80 170
1245 51 224 718
1246 51 151 574
1247 51 180 863
1248 51 104 141
1249 51 285 755
1250 51 266 884
1251 51 89 363
1252 51 283 657
1253 51 74 937
1254 51 248 184
1255 51 141 913
1256 51 214 632
1257 51 123 306
1258 51 140 533
1259 51 210 204
1260 51 263 897
1261 51 66 441
1262 51 190 771
1263 51 97 684
1264 52 142 86
1265 52 119 964
1266 52 213 15
1267 52 156 932
1268 52 205 393
1269 52 286 110
1270 52 169 201
1271 52 88 507
1272 52 259 853
1273 52 275 766
1274 52 114 135
1275 53 263 874
1276 53 184 412
1277 53 179 68
1278 53 222 552
1279 53 171 739
1280 53 163 374
1281 53 132 270
1282 53 297 554
1283 53 166 975
1284 53 61 462
1285 53 294 621
1286 53 175 897
1287 53 246 854
1288 54 194 177
1289 54 128 514
1290 54 155 539
1291 54 97 457
1292 54 66 214
1293 54 234 42
1294 54 143 145
1295 54 247 782
1296 54 117 742
1297 54 74 371
1298 54 238 694
1299 54 210 818
1300 54 171 782
1301 54 185 767
1302 54 233 592
1303 54 169 801
1304 55 293 182
1305 55 174 616
1306 55 284 188
1307 55 295 479
1308 55 132 139
1309 55 134 927
1310 55 273 399
1311 55 298 241
1312 55 253 416
1313 55 204 984
1314 55 139 125
1315 55 137 556
1316 55 258 139
1317 56 134 185
1318 56 297 468
1319 56 229 601
1320 56 230 100
1321 56 218 146
1322 56 163 869
1323 56 132 464
1324 56 129 123
1325 56 138 564
1326 56 145 688
1327 56 170 304
1328 57 127 423
1329 57 122 683
1330 57 142 519
1331 57 92 680
1332 57 275 380
1333 57 190 856
1334 57 133 683
1335 57 95 286
1336 57 182 215
1337 57 189 844
1338 57 224 50
1339 58 98 324
1340 58 288 804
1341 58 211 745
1342 58 103 329
1343 58 125 189
1344 58 220 88
1345 58 284 958
1346 58 252 120
1347 58 72 117
1348 58 234 300
1349 58 226 549
1350 58 265 84
1351 58 250 777
1352 58 139 21
1353 59 286 924
1354 59 150 652
1355 59 258 658
1356 59 276 121
1357 59 228 560
1358 59 168 801
1359 59 215 500
1360 59 288 759
1361 59 71 840
1362 59 217 281
1363 59 199 666
1364 59 230 626
1365 59 229 175
1366 59 240 823
1367 59 152 235
1368 59 190 335
1369 60 195 647
1370 60 248 899
1371 60 208 503
1372 60 249 159
1373 60 91 131
1374 60 165 794
1375 60 250 944
1376 60 235 977
1377 60 168 547
1378 60 196 797
1379 60 255 408
1380 60 64 214
1381 60 106 905
1382 60 82 851
1383 60 160 889
1384 60 92 225
1385 61 154 200
1386 61 182 41
1387 61 74 838
1388 61 174 127
1389 61 62 384
1390 61 289 809
1391 61 275 806
1392 61 253 144
1393 61 259 204
1394 61 233 501
1395 61 276 12
1396 61 143 843
1397 61 264 36
1398 61 226 957
1399 62 89 424
1400 62 207 470
1401 62 276 21
1402 62 138 478
1403 62 169 290
1404 62 109 800
1405 62 219 870
1406 62 119 588
1407 62 116 554
1408 62 265 233
1409 62 260 544
1410 62 280 160
1411 62 187 871
1412 62 75 586
1413 62 172 97
1414 62 254 846
1415 62 170 225
1416 62 256 223
1417 63 264 937
1418 63 156 732
1419 63 106 875
1420 63 81 707
1421 63 276 759
1422 63 96 418
1423 63 206 629
1424 63 232 291
1425 63 181 191
1426 63 229 132
1427 63 84 600
1428 63 299 682
1429 63 158 811
1430 63 103 776
1431 63 74 335
1432 64 208 692
1433 64 66 378
1434 64 162 345
1435 64 114 853
1436 64 271 171
1437 64 252 418
1438 64 121 734
1439 64 288 240
1440 64 159 964
1441 64 147 206
1442 64 229 447
1443 64 149 429
1444 64 179 493
1445 64 277 332
1446 65 291 69
1447 65 81 969
1448 65 205 726
1449 65 282 588
1450 65 216 835
1451 65 104 169
1452 65 262 556
1453 65 75 978
1454 65 177 862
1455 65 258 441
1456 65 228 554
1457 65 170 451
1458 65 264 18
1459 65 189 812
1460 65 252 815
1461 65 115 888
1462 65 129 765
1463 66 294 617
1464 66 94 237
1465 66 207 152
1466 66 90 326
1467 66 81 308
1468 66 256 16
1469 66 116 408
1470 66 101 712
1471 66 129 468
1472 66 197 702
1473 66 78 680
1474 66 173 96
1475 66 146 626
1476 66 154 870
1477 66 164 320
1478 66 142 79
1479 66 225 901
1480 66 166 964
1481 66 134 111
1482 66 71 559
1483 67 238 911
1484 67 290 739
1485 67 233 395
1486 67 149 121
1487 67 122 173
1488 67 239 950
1489 67 269 915
1490 67 279 807
1491 67 121 829
1492 67 74 627
1493 67 229 534
1494 67 249 945
1495 67 204 340
1496 68 164 227
1497 68 108 929
1498 68 226 616
1499 68 267 384
1500 68 151 602
1501 68 200 194
1502 68 264 371
1503 68 283 489
1504 68 95 227
1505 68 69 44
1506 68 271 441
1507 68 82 776
1508 68 87 431
1509 68 177 681
1510 68 243 380
1511 69 282 793
1512 69 148 865
1513 69 206 867
1514 69 251 187
1515 69 195 715
1516 69 260 746
1517 69 297 48
1518 69 123 61
1519 69 154 701
1520 69 207 116
1521 69 152 489
1522 69 116 73
1523 70 270 358
1524 70 87 67
1525 70 136 861
1526 70 95 659
1527 70 196 72
1528 70 180 406
1529 70 285 777
1530 70 254 513
1531 70 250 31
1532 70 202 343
1533 70 225 414
1534 70 117 313
1535 70 181 120
1536 70 215 140
1537 71 102 454
1538 71 261 387
1539 71 126 395
1540 71 223 402
1541 71 122 581
1542 71 300 253
1543 71 225 82
1544 71 78 511
1545 71 72 527
1546 71 237 119
1547 71 132 342
1548 71 156 466
1549 71 96 684
1550 71 278 388
1551 71 286 985
1552 71 211 680
1553 72 263 765
1554 72 190 626
1555 72 188 437
1556 72 211 161
1557 72 234 298
1558 72 248 507
1559 72 126 610
1560 72 268 24
1561 72 86 609
1562 72 191 852
1563 72 103 14
1564 72 259 506
1565 72 108 462
1566 72 111 655
1567 73 179 519
1568 73 223 999
1569 73 206 936
1570 73 190 463
1571 73 234 247
1572 73 76 569
1573 73 144 756
1574 73 248 56
1575 73 93 515
1576 73 270 705
1577 73 247 70
1578 73 205 113
1579 73 132 98
1580 73 198 689
1581 73 203 19
1582 73 171 534
1583 73 258 998
1584 73 155 918
1585 74 140 245
1586 74 239 631
1587 74 95 416
1588 74 76 287
1589 74 182 104
1590 74 145 744
1591 74 211 517
1592 74 87 3
1593 74 270 584
1594 74 148 977
1595 74 96 395
1596 74 83 805
1597 74 246 743
1598 74 154 738
1599 74 92 49
1600 74 181 287
1601 74 107 174
1602 74 136 36
1603 74 168 245
1604 74 247 809
1605 74 283 848
1606 74 253 978
1607 74 79 652
1608 74 221 706
1609 74 75 242
1610 74 99 357
1611 74 115 213
1612 74 84 942
1613 74 226 62
1614 75 107 455
1615 75 98 220
1616 75 149 215
1617 75 197 31
1618 75 275 1
1619 75 159 579
1620 75 174 653
1621 75 150 670
1622 75 297 433
1623 75 232 731
1624 75 102 760
1625 75 241 633
1626 75 247 424
1627 75 210 216
1628 75 134 555
1629 75 211 558
1630 76 168 178
1631 76 95 467
1632 76 177 389
1633 76 126 404
1634 76 99 150
1635 76 194 81
1636 76 116 915
1637 76 200 181
1638 76 210 3
1639 76 181 667
1640 77 227 73
1641 77 182 142
1642 77 106 76
1643 77 243 396
1644 77 89 862
1645 77 134 311
1646 77 223 81
1647 77 177 779
1648 77 102 421
1649 77 144 699
1650 77 258 802
1651 77 265 541
1652 78 256 257
1653 78 227 260
1654 78 123 586
1655 78 275 247
1656 78 97 849
1657 78 292 33
1658 78 160 512
1659 78 223 429
1660 78 136 160
1661 78 162 875
1662 78 298 514
1663 79 296 690
1664 79 156 853
1665 79 207 302
1666 79 115 127
1667 79 112 93
1668 79 273 632
1669 79 192 346
1670 79 94 643
1671 79 140 215
1672 79 86 760
1673 79 98 66
1674 79 154 602
1675 79 278 306
1676 79 256 598
1677 79 125 637
1678 79 124 970
1679 79 262 214
1680 80 152 973
1681 80 255 95
1682 80 261 45
1683 80 182 503
1684 80 115 895
1685 80 90 763
1686 80 150 122
1687 80 112 678
1688 80 170 851
1689 80 199 440
1690 80 233 931
1691 80 151 341
1692 80 134 420
1693 80 217 897
1694 80 299 199
1695 80 117 843
1696 80 194 728
1697 80 140 199
1698 80 224 478
1699 80 228 822
1700 81 155 270
1701 81 86 508
1702 81 192 95
1703 81 257 839
1704 81 208 681
1705 81 294 382
1706 81 180 816
1707 81 188 666
1708 81 160 529
1709 81 133 753
1710 81 237 196
1711 81 287 730
1712 81 206 928
1713 81 90 351
1714 81 221 99
1715 81 132 81
1716 82 230 274
1717 82 180 34
1718 82 203 388
1719 82 116 379
1720 82 120 904
1721 82 269 830
1722 82 124 61
1723 82 104 796
1724 82 98 343
1725 82 271 243
1726 83 119 276
1727 83 245 269
1728 83 231 285
1729 83 204 799
1730 83 295 102
1731 83 157 899
1732 83 287 35
1733 83 265 382
1734 83 281 393
1735 83 146 351
1736 83 258 899
1737 83 179 695
1738 83 147 71
1739 83 88 193
1740 83 224 434
1741 83 138 887
1742 83 211 562
1743 83 279 353
1744 83 163 640
1745 83 118 241
1746 84 252 837
1747 84 276 796
1748 84 300 136
1749 84 134 911
1750 84 150 280
1751 84 158 31
1752 84 183 132
1753 84 274 880
1754 84 142 233
1755 84 108 755
1756 84 210 46
1757 84 277 74
1758 84 275 449
1759 84 164 716
1760 84 90 788
1761 85 245 282
1762 85 289 602
1763 85 126 58
1764 85 104 577
1765 85 127 621
1766 85 98 419
1767 85 198 865
1768 85 191 342
1769 85 91 957
1770 85 274 306
1771 85 96 508
1772 85 241 345
1773 85 138 732
1774 85 134 35
1775 85 256 296
1776 85 135 438
1777 85 179 529
1778 86 297 285
1779 86 230 766
1780 86 186 362
1781 86 104 928
1782 86 128 228
1783 86 106 111
1784 86 132 872
1785 86 195 72
1786 86 161 422
1787 86 150 83
1788 86 149 482
1789 86 268 30
1790 86 220 370
1791 86 245 194
1792 86 239 248
1793 86 194 552
1794 86 215 779
1795 86 234 692
1796 86 197 609
1797 86 288 105
1798 87 298 992
1799 87 196 430
1800 87 299 168
1801 87 279 842
1802 87 158 883
1803 87 189 786
1804 87 141 71
1805 87 242 878
1806 87 121 524
1807 88 224 253
1808 88 145 474
1809 88 274 583
1810 88 132 265
1811 88 162 817
1812 88 217 296
1813 88 292 935
1814 88 120 903
1815 88 92 47
1816 88 247 487
1817 88 155 341
1818 88 111 521
1819 89 263 578
1820 89 262 821
1821 89 299 901
1822 89 109 226
1823 89 270 649
1824 89 93 109
1825 89 120 156
1826 89 213 809
1827 89 228 808
1828 89 121 756
1829 89 135 223
1830 89 265 978
1831 89 248 839
1832 89 296 99
1833 90 233 299
1834 90 97 320
1835 90 271 823
1836 90 237 113
1837 90 253 319
1838 90 255 760
1839 90 168 540
1840 90 222 484
1841 90 164 79
1842 90 281 406
1843 91 143 476
1844 91 223 710
1845 91 109 809
1846 91 224 615
1847 91 293 865
1848 91 147 36
1849 91 135 20
1850 91 131 733
1851 91 187 613
1852 91 127 452
1853 92 230 766
1854 92 149 306
1855 92 193 64
1856 92 157 930
1857 92 217 283
1858 92 100 147
1859 92 243 714
1860 92 93 761
1861 92 116 470
1862 92 194 840
1863 92 161 270
1864 92 167 479
1865 92 246 908
1866 92 180 688
1867 92 276 574
1868 92 203 998
1869 92 118 855
1870 93 106 265
1871 93 177 198
1872 93 137 847
1873 93 189 372
1874 93 229 74
1875 93 222 542
1876 93 188 281
1877 93 212 459
1878 93 228 652
1879 93 213 676
1880 93 278 439
1881 94 138 311
1882 94 265 945
1883 94 291 580
1884 94 284 915
1885 94 168 616
1886 94 189 600
1887 94 194 531
1888 95 288 669
1889 95 290 373
1890 95 295 688
1891 95 261 337
1892 95 227 882
1893 95 112 245
1894 95 178 19
1895 95 248 478
1896 95 191 562
1897 95 124 789
1898 95 129 822
1899 95 223 101
1900 95 111 629
1901 95 230 479
1902 95 117 352
1903 96 113 318
1904 96 124 555
1905 96 195 523
1906 96 222 649
1907 96 146 567
1908 96 276 245
1909 96 171 664
1910 96 180 944
1911 96 140 514
1912 96 104 399
1913 96 183 620
1914 96 281 640
1915 96 172 560
1916 97 275 284
1917 97 132 10
1918 97 254 98
1919 97 253 343
1920 97 288 309
1921 97 176 710
1922 97 236 432
1923 97 188 65
1924 97 247 160
1925 97 258 312
1926 97 122 156
1927 97 206 908
1928 98 250 666
1929 98 204 537
1930 98 252 916
1931 98 207 430
1932 98 275 760
1933 98 242 364
1934 98 155 995
1935 98 211 757
1936 98 176 536
1937 98 254 662
1938 99 157 426
1939 99 175 759
1940 99 198 277
1941 99 117 660
1942 99 294 696
1943 99 126 28
1944 99 195 258
1945 99 138 429
1946 99 179 28
1947 99 144 397
1948 99 246 50
1949 99 214 406
1950 99 129 290
1951 99 224 255
1952 100 300 748
1953 100 231 599
1954 100 248 319
1955 100 261 448
1956 100 272 290
1957 100 276 957
1958 100 251 599
1959 100 122 507
1960 100 259 223
1961 100 288 885
1962 100 222 10
1963 100 199 727
1964 100 132 619
1965 100 131 403
1966 100 157 328
1967 100 166 214
1968 101 106 399
1969 101 137 359
1970 101 235 47
1971 101 147 274
1972 101 200 908
1973 101 124 561
1974 101 218 932
1975 101 239 631
1976 101 206 387
1977 101 149 165
1978 102 261 868
1979 102 128 239
1980 102 203 22
1981 102 185 801
1982 102 182 324
1983 102 224 894
1984 102 228 337
1985 102 172 999
1986 102 178 959
1987 102 165 428
1988 102 235 186
1989 102 199 696
1990 102 247 362
1991 102 236 626
1992 102 167 169
1993 102 222 321
1994 102 260 918
1995 103 183 75
1996 103 161 140
1997 103 172 429
1998 103 123 435
1999 103 228 781
2000 103 146 757
2001 103 106 978
2002 103 111 21
2003 103 255 388
2004 103 263 277
2005 103 164 525
2006 103 167 303
2007 103 215 801
2008 103 168 852
2009 103 300 46
2010 104 192 310
2011 104 109 567
2012 104 149 897
2013 104 179 810
2014 104 187 134
2015 104 221 917
2016 104 172 929
2017 104 161 397
2018 104 266 515
2019 104 286 775
2020 104 203 539
2021 104 154 654
2022 104 255 512
2023 104 168 328
2024 105 185 122
2025 105 291 25
2026 105 224 96
2027 105 252 824
2028 105 187 622
2029 105 126 387
2030 105 147 405
2031 105 114 870
2032 105 249 848
2033 106 135 447
2034 106 221 116
2035 106 177 105
2036 106 260 666
2037 106 278 623
2038 106 280 565
2039 106 179 901
2040 107 267 888
2041 107 200 620
2042 107 187 118
2043 107 258 450
2044 107 287 858
2045 107 167 509
2046 107 159 152
2047 107 191 990
2048 107 146 582
2049 107 165 886
2050 107 289 614
2051 107 163 567
2052 107 122 923
2053 107 148 241
2054 108 142 359
2055 108 274 273
2056 108 137 417
2057 108 127 57
2058 108 255 662
2059 108 190 722
2060 108 284 457
2061 108 257 733
2062 108 170 623
2063 108 237 992
2064 109 151 362
2065 109 200 239
2066 109 217 387
2067 109 118 184
2068 109 224 88
2069 109 122 40
2070 109 257 741
2071 109 280 519
2072 109 253 724
2073 110 171 894
2074 110 260 595
2075 110 274 40
2076 110 248 55
2077 110 159 852
2078 110 194 522
2079 110 298 762
2080 110 215 100
2081 110 282 249
2082 110 290 83
2083 110 221 63
2084 111 157 455
2085 111 282 479
2086 111 242 219
2087 111 126 932
2088 111 184 91
2089 111 219 938
2090 111 296 664
2091 111 166 443
2092 111 140 487
2093 112 117 273
2094 112 158 987
2095 112 239 203
2096 112 269 552
2097 112 205 896
2098 112 279 606
2099 112 283 700
2100 112 257 211
2101 112 253 85
2102 112 207 254
2103 112 140 148
2104 112 262 927
2105 112 196 738
2106 112 164 123
2107 113 236 784
2108 113 274 911
2109 113 263 691
2110 113 185 775
2111 113 243 982
2112 113 139 688
2113 113 240 369
2114 114 197 926
2115 114 279 958
2116 114 237 232
2117 114 290 345
2118 114 210 228
2119 114 184 279
2120 114 248 992
2121 114 190 431
2122 114 232 696
2123 115 196 381
2124 115 136 57
2125 115 117 515
2126 115 141 543
2127 115 150 380
2128 115 215 237
2129 115 216 926
2130 115 253 847
2131 115 220 709
2132 115 235 127
2133 115 164 716
2134 115 135 862
2135 116 206 686
2136 116 173 962
2137 116 294 635
2138 116 197 723
2139 116 159 704
2140 116 248 830
2141 116 155 928
2142 116 230 263
2143 116 181 513
2144 117 151 388
2145 117 170 566
2146 117 133 859
2147 117 149 566
2148 117 256 265
2149 117 299 941
2150 117 287 420
2151 117 204 558
2152 117 243 931
2153 117 229 888
2154 117 135 347
2155 117 294 154
2156 117 245 950
2157 117 209 533
2158 117 208 128
2159 118 201 390
2160 118 146 5
2161 118 275 835
2162 118 166 365
2163 118 211 652
2164 118 203 734
2165 118 231 502
2166 118 119 961
2167 118 141 317
2168 118 232 273
2169 118 270 888
2170 118 255 814
2171 119 294 396
2172 119 278 386
2173 119 275 176
2174 119 218 269
2175 119 123 782
2176 119 205 458
2177 119 249 258
2178 119 237 719
2179 119 201 656
2180 119 267 141
2181 119 284 172
2182 119 208 77
2183 119 244 375
2184 119 155 630
2185 119 221 361
2186 119 179 185
2187 119 126 104
2188 120 145 567
2189 120 153 234
2190 120 222 816
2191 120 219 738
2192 120 191 536
2193 120 138 638
2194 120 275 609
2195 120 237 756
2196 120 225 393
2197 120 155 337
2198 120 141 47
2199 120 146 800
2200 120 185 432
2201 120 197 205
2202 121 167 913
2203 121 237 859
2204 121 274 757
2205 121 129 486
2206 121 134 363
2207 121 172 951
2208 121 198 654
2209 121 235 927
2210 121 299 622
2211 121 170 377
2212 121 136 747
2213 121 168 659
2214 121 192 521
2215 121 142 39
2216 121 275 117
2217 122 224 406
2218 122 132 406
2219 122 195 407
2220 122 151 481
2221 122 271 784
2222 122 239 787
2223 122 216 688
2224 122 241 600
2225 122 257 539
2226 122 233 38
2227 122 249 154
2228 122 247 694
2229 122 253 368
2230 122 165 325
2231 123 278 585
2232 123 173 30
2233 123 175 357
2234 123 189 784
2235 123 179 664
2236 123 250 427
2237 123 255 804
2238 123 249 514
2239 123 266 848
2240 123 190 641
2241 123 243 294
2242 123 246 295
2243 123 263 266
2244 123 287 245
2245 124 130 413
2246 124 134 652
2247 124 294 999
2248 124 255 67
2249 124 228 542
2250 124 280 353
2251 124 163 410
2252 124 164 856
2253 125 183 344
2254 125 207 583
2255 125 195 889
2256 125 244 51
2257 125 128 47
2258 125 257 582
2259 125 129 392
2260 125 231 701
2261 125 185 22
2262 125 272 123
2263 125 156 122
2264 125 280 489
2265 125 286 43
2266 125 145 825
2267 126 260 138
2268 126 206 706
2269 126 253 657
2270 126 211 965
2271 126 252 599
2272 126 165 937
2273 126 262 185
2274 126 180 240
2275 126 293 918
2276 126 219 515
2277 126 284 532
2278 127 152 504
2279 127 240 58
2280 127 232 275
2281 127 134 356
2282 127 129 4
2283 127 263 303
2284 127 284 448
2285 127 200 166
2286 128 174 279
2287 128 138 369
2288 128 260 993
2289 128 217 144
2290 128 227 607
2291 128 203 661
2292 128 243 544
2293 128 252 12
2294 128 278 810
2295 128 251 441
2296 129 193 867
2297 129 210 208
2298 129 273 298
2299 129 215 831
2300 129 270 931
2301 129 295 493
2302 129 130 758
2303 129 219 483
2304 129 272 993
2305 129 236 796
2306 130 140 433
2307 130 298 268
2308 130 149 985
2309 130 285 996
2310 130 180 437
2311 130 270 3
2312 130 268 399
2313 130 142 694
2314 130 295 517
2315 130 256 487
2316 130 297 666
2317 130 177 29
2318 130 299 723
2319 130 227 287
2320 131 134 444
2321 131 293 281
2322 131 233 915
2323 131 253 745
2324 131 146 513
2325 131 173 157
2326 131 165 748
2327 131 185 276
2328 131 169 635
2329 131 136 573
2330 131 205 48
2331 132 271 725
2332 132 258 307
2333 132 178 81
2334 132 138 316
2335 132 210 305
2336 132 184 407
2337 132 193 995
2338 132 151 908
2339 132 295 224
2340 132 159 482
2341 132 163 402
2342 132 212 582
2343 132 187 563
2344 133 204 677
2345 133 177 146
2346 133 169 642
2347 133 227 545
2348 133 134 840
2349 133 267 852
2350 133 275 692
2351 133 243 308
2352 133 274 814
2353 133 197 735
2354 133 151 378
2355 133 226 419
2356 133 298 941
2357 133 142 465
2358 133 259 581
2359 133 271 461
2360 133 175 927
2361 133 145 99
2362 134 292 972
2363 134 285 948
2364 134 193 571
2365 134 167 12
2366 134 231 704
2367 134 280 163
2368 134 239 492
2369 134 237 772
2370 134 135 472
2371 134 142 190
2372 135 236 602
2373 135 279 229
2374 135 169 266
2375 135 249 466
2376 135 245 175
2377 135 158 107
2378 135 233 949
2379 135 213 879
2380 135 172 988
2381 135 229 706
2382 135 159 428
2383 135 164 230
2384 135 161 293
2385 135 217 15
2386 135 180 472
2387 136 200 665
2388 136 155 604
2389 136 173 638
2390 136 171 96
2391 136 151 387
2392 136 280 890
2393 136 184 498
2394 136 232 593
2395 136 268 197
2396 136 183 467
2397 136 219 385
2398 136 287 6
2399 136 246 418
2400 136 257 595
2401 137 261 454
2402 137 265 899
2403 137 157 243
2404 137 297 622
2405 137 281 514
2406 137 159 604
2407 137 210 330
2408 137 168 521
2409 137 193 41
2410 137 201 830
2411 137 233 268
2412 137 240 289
2413 137 298 692
2414 138 225 958
2415 138 202 344
2416 138 149 931
2417 138 220 928
2418 138 200 834
2419 138 176 327
2420 138 229 870
2421 138 205 130
2422 138 156 335
2423 138 165 806
2424 138 253 564
2425 138 280 957
2426 139 270 114
2427 139 263 493
2428 139 211 815
2429 139 262 947
2430 139 280 80
2431 139 233 161
2432 139 277 120
2433 139 265 610
2434 139 184 546
2435 139 181 646
2436 139 285 818
2437 140 210 10
2438 140 282 387
2439 140 291 423
2440 140 269 355
2441 140 294 546
2442 140 184 191
2443 140 187 782
2444 140 266 872
2445 141 163 470
2446 141 234 84
2447 141 167 666
2448 141 236 75
2449 141 165 873
2450 141 171 168
2451 141 156 720
2452 141 244 13
2453 141 188 168
2454 141 235 45
2455 142 223 559
2456 142 291 820
2457 142 237 614
2458 142 279 990
2459 142 235 773
2460 142 292 245
2461 142 170 228
2462 142 197 931
2463 142 260 682
2464 143 255 819
2465 143 180 347
2466 143 232 570
2467 143 292 110
2468 143 206 886
2469 143 187 397
2470 144 241 417
2471 144 300 913
2472 144 233 499
2473 144 255 288
2474 144 239 286
2475 144 250 498
2476 144 173 180
2477 144 279 633
2478 144 205 840
2479 144 215 493
2480 144 276 576
2481 144 212 775
2482 144 243 559
2483 144 172 965
2484 144 293 765
2485 144 145 938
2486 145 218 871
2487 145 196 576
2488 145 280 116
2489 145 170 771
2490 145 276 940
2491 145 240 208
2492 145 219 167
2493 145 158 441
2494 145 269 471
2495 145 221 397
2496 146 236 165
2497 146 233 701
2498 146 246 695
2499 146 241 643
2500 146 153 685
2501 146 252 759
2502 146 157 27
2503 146 230 945
2504 146 215 139
2505 146 170 863
2506 146 291 152
2507 147 272 904
2508 147 233 863
2509 147 244 786
2510 147 285 320
2511 147 263 4
2512 147 289 858
2513 147 222 120
2514 147 270 791
2515 147 234 14
2516 147 253 757
2517 147 283 110
2518 147 170 735
2519 147 181 254
2520 147 262 308
2521 147 223 994
2522 147 251 879
2523 147 155 976
2524 148 155 261
2525 148 242 251
2526 148 277 429
2527 148 258 777
2528 148 273 455
2529 148 233 470
2530 148 181 581
2531 148 250 286
2532 148 200 607
2533 148 293 74
2534 149 156 494
2535 149 201 155
2536 149 247 448
2537 149 279 165
2538 149 236 525
2539 149 277 779
2540 149 152 670
2541 149 254 3
2542 149 176 159
2543 149 250 559
2544 149 241 899
2545 150 292 498
2546 150 201 456
2547 150 273 281
2548 150 190 796
2549 150 272 808
2550 150 230 971
2551 150 214 45
2552 150 206 637
2553 150 202 960
2554 150 185 197
2555 150 258 720
2556 151 219 780
2557 151 174 250
2558 151 180 640
2559 151 235 361
2560 151 266 780
2561 151 284 305
2562 151 199 841
2563 151 296 843
2564 151 262 894
2565 152 251 554
2566 152 165 373
2567 152 262 362
2568 152 190 715
2569 152 191 307
2570 152 207 287
2571 153 179 507
2572 153 299 675
2573 153 183 970
2574 153 155 138
2575 153 251 937
2576 153 277 245
2577 153 279 457
2578 153 212 699
2579 153 287 332
2580 153 280 898
2581 154 233 965
2582 154 157 696
2583 154 294 135
2584 154 240 476
2585 154 178 66
2586 154 196 253
2587 154 174 291
2588 154 244 564
2589 154 261 180
2590 154 291 919
2591 154 217 841
2592 155 252 837
2593 155 266 643
2594 155 257 633
2595 155 255 745
2596 155 300 29
2597 155 269 927
2598 155 275 515
2599 155 267 725
2600 155 213 66
2601 155 156 756
2602 155 175 264
2603 155 233 769
2604 155 171 858
2605 155 238 665
2606 156 292 777
2607 156 260 519
2608 156 272 710
2609 156 244 78
2610 156 267 282
2611 156 160 276
2612 156 289 36
2613 156 242 960
2614 157 213 521
2615 157 291 660
2616 157 252 68
2617 157 276 561
2618 157 222 599
2619 157 280 390
2620 157 256 586
2621 157 270 448
2622 157 285 959
2623 157 271 543
2624 157 158 721
2625 158 162 175
2626 158 225 938
2627 158 274 969
2628 158 253 395
2629 158 196 82
2630 158 189 858
2631 158 278 852
2632 158 195 15
2633 158 272 271
2634 158 229 859
2635 159 177 954
2636 159 228 722
2637 159 193 51
2638 159 171 714
2639 159 287 859
2640 159 174 163
2641 159 206 420
2642 159 275 548
2643 159 288 807
2644 159 169 882
2645 160 248 823
2646 160 231 675
2647 160 243 691
2648 160 274 115
2649 160 212 168
2650 160 191 348
2651 160 260 240
2652 160 197 698
2653 160 170 402
2654 160 292 42
2655 161 207 75
2656 161 242 461
2657 161 255 684
2658 161 170 829
2659 161 238 582
2660 161 268 119
2661 161 256 494
2662 161 264 511
2663 162 167 236
2664 162 248 402
2665 162 234 254
2666 162 239 662
2667 162 205 340
2668 162 171 351
2669 162 180 278
2670 162 241 500
2671 163 300 662
2672 163 232 954
2673 163 178 871
2674 163 247 516
2675 163 220 16
2676 163 272 316
2677 163 276 338
2678 163 271 30
2679 163 259 884
2680 164 269 163
2681 164 279 433
2682 164 290 549
2683 164 291 17
2684 164 228 389
2685 164 169 678
2686 164 168 487
2687 164 175 870
2688 165 215 961
2689 165 192 53
2690 166 183 554
2691 166 182 357
2692 166 251 40
2693 166 200 19
2694 166 199 745
2695 166 174 81
2696 166 300 948
2697 166 290 639
2698 167 206 768
2699 167 278 531
2700 167 196 100
2701 167 297 736
2702 167 286 840
2703 167 212 646
2704 167 208 870
2705 167 209 362
2706 167 256 472
2707 167 265 285
2708 168 210 699
2709 168 250 833
2710 168 187 91
2711 168 264 927
2712 168 224 941
2713 168 242 641
2714 168 269 168
2715 168 217 17
2716 168 285 771
2717 168 225 819
2718 168 177 587
2719 168 251 740
2720 169 247 995
2721 169 259 572
2722 169 295 837
2723 169 250 426
2724 169 174 806
2725 169 279 441
2726 169 214 326
2727 170 242 566
2728 170 260 795
2729 170 201 905
2730 170 257 236
2731 170 200 854
2732 170 189 580
2733 170 205 103
2734 171 277 568
2735 171 288 899
2736 171 247 270
2737 171 228 321
2738 171 260 18
2739 171 189 8
2740 171 206 397
2741 171 215 558
2742 171 264 175
2743 171 225 9
2744 171 197 632
2745 171 298 197
2746 171 246 577
2747 171 248 49
2748 171 249 682
2749 171 195 903
2750 172 255 571
2751 172 213 572
2752 172 174 94
2753 172 263 83
2754 172 290 826
2755 172 279 611
2756 172 285 647
2757 173 278 285
2758 173 201 495
2759 173 259 434
2760 173 260 109
2761 173 215 951
2762 173 251 384
2763 173 244 36
2764 174 190 220
2765 174 201 866
2766 174 267 477
2767 174 285 841
2768 174 199 369
2769 174 280 799
2770 174 204 535
2771 174 189 875
2772 175 278 205
2773 175 262 396
2774 175 203 998
2775 175 259 304
2776 175 271 353
2777 175 185 872
2778 175 243 908
2779 175 255 642
2780 175 234 997
2781 175 298 570
2782 175 264 460
2783 175 241 204
2784 175 181 173
2785 175 239 847
2786 175 186 752
2787 176 206 568
2788 176 221 254
2789 176 241 204
2790 176 224 567
2791 176 234 61
2792 176 201 711
2793 176 208 494
2794 176 190 705
2795 176 260 657
2796 176 202 52
2797 177 202 97
2798 177 292 390
2799 177 246 700
2800 177 207 496
2801 177 263 40
2802 177 187 397
2803 177 186 322
2804 177 279 888
2805 177 220 578
2806 177 244 699
2807 178 212 592
2808 178 225 745
2809 178 204 596
2810 178 285 402
2811 178 297 145
2812 178 243 909
2813 178 209 210
2814 178 198 151
2815 178 220 215
2816 178 189 153
2817 178 188 282
2818 178 288 254
2819 178 233 865
2820 179 182 584
2821 179 218 949
2822 179 278 4
2823 179 288 755
2824 179 255 786
2825 179 276 964
2826 179 197 375
2827 179 300 201
2828 179 248 356
2829 180 252 841
2830 180 279 387
2831 180 227 789
2832 180 300 543
2833 181 186 138
2834 181 197 642
2835 181 185 710
2836 181 205 69
2837 181 206 401
2838 181 220 318
2839 181 263 437
2840 181 229 915
2841 181 260 243
2842 181 240 756
2843 181 274 278
2844 181 190 645
2845 181 289 849
2846 182 281 689
2847 182 253 48
2848 182 290 248
2849 182 265 130
2850 182 262 411
2851 182 190 872
2852 182 266 128
2853 182 194 676
2854 182 235 721
2855 183 243 860
2856 183 185 649
2857 183 237 61
2858 183 299 25
2859 183 215 849
2860 183 244 232
2861 184 201 611
2862 184 238 656
2863 184 185 238
2864 184 219 375
2865 184 277 824
2866 184 202 142
2867 184 249 299
2868 184 207 140
2869 185 195 648
2870 185 253 291
2871 185 217 491
2872 185 221 792
2873 185 231 343
2874 185 201 872
2875 185 284 894
2876 185 299 305
2877 185 220 986
2878 185 279 649
2879 185 280 433
2880 185 210 221
2881 185 236 277
2882 186 271 618
2883 186 273 853
2884 186 260 148
2885 186 258 480
2886 186 221 650
2887 186 211 13
2888 186 229 771
2889 187 289 875
2890 187 244 143
2891 187 191 380
2892 187 210 229
2893 187 294 611
2894 187 203 636
2895 188 243 289
2896 188 277 926
2897 188 233 545
2898 188 282 141
2899 188 241 523
2900 188 287 265
2901 189 237 283
2902 189 234 793
2903 189 262 561
2904 189 274 371
2905 189 284 788
2906 190 228 137
2907 190 199 50
2908 190 258 377
2909 190 294 213
2910 191 286 372
2911 191 287 793
2912 191 212 334
2913 191 273 526
2914 191 245 399
2915 192 278 81
2916 192 259 410
2917 192 245 801
2918 192 241 265
2919 192 230 879
2920 192 195 928
2921 192 225 369
2922 192 299 438
2923 192 291 910
2924 192 199 77
2925 192 222 430
2926 192 297 634
2927 192 287 224
2928 193 281 643
2929 193 255 337
2930 193 276 913
2931 193 267 438
2932 193 294 578
2933 193 258 418
2934 193 284 870
2935 193 253 465
2936 193 283 402
2937 193 226 675
2938 193 242 839
2939 193 261 159
2940 194 195 648
2941 194 275 150
2942 194 284 13
2943 194 295 309
2944 194 286 117
2945 194 246 539
2946 194 222 795
2947 194 289 429
2948 195 208 648
2949 195 225 579
2950 195 286 591
2951 195 262 491
2952 195 275 232
2953 195 227 84
2954 195 233 857
2955 196 287 221
2956 196 276 597
2957 196 267 242
2958 196 243 413
2959 196 201 31
2960 196 224 702
2961 196 220 961
2962 196 248 67
2963 197 294 434
2964 197 218 499
2965 197 276 66
2966 197 283 779
2967 197 258 171
2968 197 213 632
2969 197 286 97
2970 198 231 842
2971 198 235 919
2972 198 288 177
2973 198 291 817
2974 198 287 12
2975 198 232 981
2976 198 298 814
2977 198 244 775
2978 198 221 412
2979 198 209 870
2980 199 251 835
2981 199 299 556
2982 199 249 372
2983 199 267 459
2984 199 296 76
2985 199 231 191
2986 199 286 977
2987 199 224 397
2988 200 246 231
2989 200 224 59
2990 200 234 79
2991 200 253 331
2992 200 266 983
2993 200 220 645
2994 200 231 441
2995 200 288 602
2996 201 289 668
2997 201 278 923
2998 201 216 523
2999 201 211 687
3000 201 228 491
3001 201 221 122
3002 201 299 931
3003 202 218 726
3004 202 280 313
3005 202 268 931
3006 202 276 800
3007 202 242 439
3008 202 232 278
3009 203 258 326
3010 203 214 857
3011 203 209 849
3012 203 237 76
3013 203 270 41
3014 204 272 903
3015 204 279 330
3016 204 260 41
3017 204 243 50
3018 204 284 183
3019 204 256 547
3020 205 232 771
3021 205 224 26
3022 205 248 755
3023 205 239 11
3024 205 206 569
3025 205 241 506
3026 205 278 643
3027 205 242 779
3028 206 287 403
3029 206 234 55
3030 207 225 27
3031 207 239 879
3032 207 296 447
3033 207 248 391
3034 207 282 69
3035 207 245 853
3036 207 289 574
3037 207 209 583
3038 207 234 340
3039 208 297 825
3040 208 229 513
3041 208 231 790
3042 208 279 818
3043 208 282 718
3044 208 251 315
3045 209 274 696
3046 209 249 776
3047 209 290 869
3048 209 214 848
3049 209 250 424
3050 209 261 756
3051 209 212 240
3052 209 255 625
3053 209 265 138
3054 210 229 38
3055 210 278 166
3056 210 214 427
3057 210 256 701
3058 210 244 245
3059 210 292 879
3060 211 255 937
3061 211 272 705
3062 211 242 616
3063 211 253 602
3064 211 257 59
3065 212 283 704
3066 212 297 87
3067 212 300 540
3068 212 290 40
3069 212 217 11
3070 213 282 251
3071 213 281 534
3072 213 262 888
3073 213 228 138
3074 213 266 227
3075 213 300 408
3076 213 272 484
3077 214 282 496
3078 214 258 810
3079 215 278 193
3080 215 287 840
3081 215 262 489
3082 215 226 453
3083 215 224 845
3084 215 296 632
3085 216 243 58
3086 216 280 713
3087 216 242 870
3088 216 286 521
3089 216 253 448
3090 217 269 384
3091 217 261 296
3092 217 234 772
3093 217 282 287
3094 217 222 922
3095 217 299 901
3096 218 271 312
3097 218 222 540
3098 218 299 761
3099 218 258 263
3100 219 279 143
3101 219 266 390
3102 219 224 590
3103 219 258 125
3104 219 228 306
3105 219 282 14
3106 219 294 162
3107 220 299 302
3108 220 291 136
3109 220 278 637
3110 220 273 649
3111 220 267 539
3112 220 225 172
3113 220 292 608
3114 221 239 91
3115 221 287 474
3116 221 267 219
3117 221 224 256
3118 221 252 605
3119 221 270 477
3120 221 296 52
3121 222 240 366
3122 222 284 341
3123 222 256 528
3124 223 270 103
3125 223 226 989
3126 223 251 354
3127 223 255 768
3128 223 294 295
3129 224 262 278
3130 224 247 144
3131 224 289 843
3132 224 273 604
3133 224 296 577
3134 225 263 34
3135 225 269 7
3136 226 255 937
3137 227 256 805
3138 227 268 967
3139 227 273 778
3140 227 294 972
3141 227 243 671
3142 228 299 896
3143 228 280 499
3144 228 256 218
3145 228 241 864
3146 228 281 660
3147 229 238 761
3148 229 280 592
3149 229 237 529
3150 229 275 769
3151 229 279 139
3152 229 299 535
3153 230 232 155
3154 230 272 304
3155 230 268 943
3156 230 242 653
3157 231 296 984
3158 231 256 451
3159 231 253 642
3160 231 279 722
3161 231 266 983
3162 232 254 478
3163 232 261 25
3164 232 244 136
3165 232 245 300
3166 233 285 113
3167 233 290 230
3168 233 256 494
3169 234 287 728
3170 235 237 899
3171 235 256 45
3172 236 267 328
3173 236 297 933
3174 236 275 59
3175 237 282 69
3176 237 239 826
3177 237 242 243
3178 237 264 797
3179 237 268 617
3180 238 244 845
3181 238 248 689
3182 238 266 222
3183 238 239 512
3184 238 296 137
3185 239 257 795
3186 239 251 958
3187 239 241 396
3188 239 248 198
3189 239 292 425
3190 239 277 585
3191 240 279 558
3192 241 280 603
3193 241 264 443
3194 241 252 308
3195 241 294 984
3196 241 262 925
3197 242 247 822
3198 242 291 571
3199 242 281 563
3200 242 245 165
3201 242 253 262
3202 243 284 913
3203 243 269 114
3204 243 287 528
3205 244 295 865
3206 244 249 107
3207 244 258 308
3208 245 266 152
3209 245 282 383
3210 246 277 944
3211 246 285 537
3212 246 276 306
3213 247 290 454
3214 247 280 615
3215 247 287 681
3216 248 256 446
3217 248 282 907
3218 248 270 571
3219 248 268 335
3220 249 273 113
3221 249 299 45
3222 249 288 346
3223 250 296 969
3224 250 279 656
3225 250 282 222
3226 250 288 257
3227 250 257 933
3228 251 281 795
3229 252 267 690
3230 253 288 56
3231 253 256 94
3232 253 264 721
3233 253 278 806
3234 254 262 225
3235 254 299 425
3236 254 297 396
3237 254 300 625
3238 255 274 263
3239 255 283 401
3240 255 276 878
3241 255 267 140
3242 255 273 474
3243 256 297 327
3244 257 272 171
3245 257 267 151
3246 257 300 77
3247 258 284 727
3248 258 267 18
3249 259 261 557
3250 259 294 58
3251 260 294 473
3252 260 292 292
3253 261 300 253
3254 261 286 634
3255 261 264 569
3256 262 271 106
3257 262 300 435
3258 262 270 265
3259 264 292 928
3260 264 299 468
3261 264 297 588
3262 264 283 455
3263 265 298 681
3264 265 284 913
3265 266 294 822
3266 266 272 795
3267 267 296 58
3268 267 288 329
3269 267 297 125
3270 268 289 409
3271 269 270 457
3272 269 290 775
3273 270 290 126
3274 270 291 428
3275 272 287 501
3276 272 276 923
3277 274 285 932
3278 274 276 233
3279 277 294 114
3280 278 280 787
3281 278 294 592
3282 278 299 160
3283 279 286 322
3284 279 289 973
3285 280 291 610
3286 281 299 411
3287 281 285 326
3288 281 298 205
3289 282 295 553
3290 282 293 218
3291 283 290 825
3292 284 291 515
3293 285 287 54
3294 287 300 997
3295 290 298 511
3296 291 299 16
3297 292 300 29
3298 293 295 817
3299 296 298 227
