401
4400
0 0 1 0
1 0 2 0
2 0 3 0
3 0 4 0
4 0 5 0
5 0 6 0
6 0 7 0
7 0 8 0
8 0 9 0
9 0 10 0
10 0 11 0
11 0 12 0
12 0 13 0
13 0 14 0
14 0 15 0
15 0 16 0
16 0 17 0
17 0 18 0
18 0 19 0
19 0 20 0
20 0 21 0
21 0 22 0
22 0 23 0
23 0 24 0
24 0 25 0
25 0 26 0
26 0 27 0
27 0 28 0
28 0 29 0
29 0 30 0
30 0 31 0
31 0 32 0
32 0 33 0
33 0 34 0
34 0 35 0
35 0 36 0
36 0 37 0
37 0 38 0
38 0 39 0
39 0 40 0
40 0 41 0
41 0 42 0
42 0 43 0
43 0 44 0
44 0 45 0
45 0 46 0
46 0 47 0
47 0 48 0
48 0 49 0
49 0 50 0
50 0 51 0
51 0 52 0
52 0 53 0
53 0 54 0
54 0 55 0
55 0 56 0
56 0 57 0
57 0 58 0
58 0 59 0
59 0 60 0
60 0 61 0
61 0 62 0
62 0 63 0
63 0 64 0
64 0 65 0
65 0 66 0
66 0 67 0
67 0 68 0
68 0 69 0
69 0 70 0
70 0 71 0
71 0 72 0
72 0 73 0
73 0 74 0
74 0 75 0
75 0 76 0
76 0 77 0
77 0 78 0
78 0 79 0
79 0 80 0
80 0 81 0
81 0 82 0
82 0 83 0
83 0 84 0
84 0 85 0
85 0 86 0
86 0 87 0
87 0 88 0
88 0 89 0
89 0 90 0
90 0 91 0
91 0 92 0
92 0 93 0
93 0 94 0
94 0 95 0
95 0 96 0
96 0 97 0
97 0 98 0
98 0 99 0
99 0 100 0
100 0 101 0
101 0 102 0
102 0 103 0
103 0 104 0
104 0 105 0
105 0 106 0
106 0 107 0
107 0 108 0
108 0 109 0
109 0 110 0
110 0 111 0
111 0 112 0
112 0 113 0
113 0 114 0
114 0 115 0
115 0 116 0
116 0 117 0
117 0 118 0
118 0 119 0
119 0 120 0
120 0 121 0
121 0 122 0
122 0 123 0
123 0 124 0
124 0 125 0
125 0 126 0
126 0 127 0
127 0 128 0
128 0 129 0
129 0 130 0
130 0 131 0
131 0 132 0
132 0 133 0
133 0 134 0
134 0 135 0
135 0 136 0
136 0 137 0
137 0 138 0
138 0 139 0
139 0 140 0
140 0 141 0
141 0 142 0
142 0 143 0
143 0 144 0
144 0 145 0
145 0 146 0
146 0 147 0
147 0 148 0
148 0 149 0
149 0 150 0
150 0 151 0
151 0 152 0
152 0 153 0
153 0 154 0
154 0 155 0
155 0 156 0
156 0 157 0
157 0 158 0
158 0 159 0
159 0 160 0
160 0 161 0
161 0 162 0
162 0 163 0
163 0 164 0
164 0 165 0
165 0 166 0
166 0 167 0
167 0 168 0
168 0 169 0
169 0 170 0
170 0 171 0
171 0 172 0
172 0 173 0
173 0 174 0
174 0 175 0
175 0 176 0
176 0 177 0
177 0 178 0
178 0 179 0
179 0 180 0
180 0 181 0
181 0 182 0
182 0 183 0
183 0 184 0
184 0 185 0
185 0 186 0
186 0 187 0
187 0 188 0
188 0 189 0
189 0 190 0
190 0 191 0
191 0 192 0
192 0 193 0
193 0 194 0
194 0 195 0
195 0 196 0
196 0 197 0
197 0 198 0
198 0 199 0
199 0 200 0
200 0 201 0
201 0 202 0
202 0 203 0
203 0 204 0
204 0 205 0
205 0 206 0
206 0 207 0
207 0 208 0
208 0 209 0
209 0 210 0
210 0 211 0
211 0 212 0
212 0 213 0
213 0 214 0
214 0 215 0
215 0 216 0
216 0 217 0
217 0 218 0
218 0 219 0
219 0 220 0
220 0 221 0
221 0 222 0
222 0 223 0
223 0 224 0
224 0 225 0
225 0 226 0
226 0 227 0
227 0 228 0
228 0 229 0
229 0 230 0
230 0 231 0
231 0 232 0
232 0 233 0
233 0 234 0
234 0 235 0
235 0 236 0
236 0 237 0
237 0 238 0
238 0 239 0
239 0 240 0
240 0 241 0
241 0 242 0
242 0 243 0
243 0 244 0
244 0 245 0
245 0 246 0
246 0 247 0
247 0 248 0
248 0 249 0
249 0 250 0
250 0 251 0
251 0 252 0
252 0 253 0
253 0 254 0
254 0 255 0
255 0 256 0
256 0 257 0
257 0 258 0
258 0 259 0
259 0 260 0
260 0 261 0
261 0 262 0
262 0 263 0
263 0 264 0
264 0 265 0
265 0 266 0
266 0 267 0
267 0 268 0
268 0 269 0
269 0 270 0
270 0 271 0
271 0 272 0
272 0 273 0
273 0 274 0
274 0 275 0
275 0 276 0
276 0 277 0
277 0 278 0
278 0 279 0
279 0 280 0
280 0 281 0
281 0 282 0
282 0 283 0
283 0 284 0
284 0 285 0
285 0 286 0
286 0 287 0
287 0 288 0
288 0 289 0
289 0 290 0
290 0 291 0
291 0 292 0
292 0 293 0
293 0 294 0
294 0 295 0
295 0 296 0
296 0 297 0
297 0 298 0
298 0 299 0
299 0 300 0
300 0 301 0
301 0 302 0
302 0 303 0
303 0 304 0
304 0 305 0
305 0 306 0
306 0 307 0
307 0 308 0
308 0 309 0
309 0 310 0
310 0 311 0
311 0 312 0
312 0 313 0
313 0 314 0
314 0 315 0
315 0 316 0
316 0 317 0
317 0 318 0
318 0 319 0
319 0 320 0
320 0 321 0
321 0 322 0
322 0 323 0
323 0 324 0
324 0 325 0
325 0 326 0
326 0 327 0
327 0 328 0
328 0 329 0
329 0 330 0
330 0 331 0
331 0 332 0
332 0 333 0
333 0 334 0
334 0 335 0
335 0 336 0
336 0 337 0
337 0 338 0
338 0 339 0
339 0 340 0
340 0 341 0
341 0 342 0
342 0 343 0
343 0 344 0
344 0 345 0
345 0 346 0
346 0 347 0
347 0 348 0
348 0 349 0
349 0 350 0
350 0 351 0
351 0 352 0
352 0 353 0
353 0 354 0
354 0 355 0
355 0 356 0
356 0 357 0
357 0 358 0
358 0 359 0
359 0 360 0
360 0 361 0
361 0 362 0
362 0 363 0
363 0 364 0
364 0 365 0
365 0 366 0
366 0 367 0
367 0 368 0
368 0 369 0
369 0 370 0
370 0 371 0
371 0 372 0
372 0 373 0
373 0 374 0
374 0 375 0
375 0 376 0
376 0 377 0
377 0 378 0
378 0 379 0
379 0 380 0
380 0 381 0
381 0 382 0
382 0 383 0
383 0 384 0
384 0 385 0
385 0 386 0
386 0 387 0
387 0 388 0
388 0 389 0
389 0 390 0
390 0 391 0
391 0 392 0
392 0 393 0
393 0 394 0
394 0 395 0
395 0 396 0
396 0 397 0
397 0 398 0
398 0 399 0
399 0 400 0
400 1 144 281
401 1 370 38
402 1 397 343
403 1 19 629
404 1 78 706
405 1 158 163
406 1 210 111
407 1 49 943
408 1 17 637
409 1 254 805
410 1 214 876
411 1 249 942
412 1 10 750
413 1 232 35
414 1 271 666
415 1 381 617
416 1 153 475
417 1 218 327
418 2 359 3
419 2 358 893
420 2 140 29
421 2 331 138
422 2 122 847
423 2 351 486
424 2 305 627
425 2 280 205
426 2 150 463
427 2 14 55
428 2 116 169
429 2 92 24
430 2 316 672
431 2 114 499
432 2 222 444
433 2 281 55
434 2 16 326
435 2 59 288
436 2 205 139
437 2 360 793
438 2 350 530
439 2 243 63
440 2 245 480
441 2 292 465
442 3 390 114
443 3 212 682
444 3 225 879
445 3 361 229
446 3 296 941
447 3 24 695
448 3 286 234
449 3 176 792
450 3 399 360
451 3 151 201
452 3 112 882
453 3 170 417
454 3 222 959
455 3 92 744
456 3 207 784
457 3 64 369
458 3 35 260
459 3 368 55
460 3 376 31
461 3 122 589
462 3 318 546
463 3 30 43
464 4 247 797
465 4 37 766
466 4 273 881
467 4 19 807
468 4 266 944
469 4 30 84
470 4 98 604
471 4 153 735
472 4 112 658
473 4 92 85
474 4 231 123
475 4 165 842
476 4 241 144
477 4 35 995
478 4 317 930
479 4 312 69
480 4 28 213
481 4 115 519
482 4 380 708
483 4 390 780
484 5 320 566
485 5 190 636
486 5 78 841
487 5 334 958
488 5 331 358
489 5 200 979
490 5 184 372
491 5 113 433
492 5 95 664
493 5 166 948
494 5 153 786
495 5 125 692
496 5 244 470
497 5 39 43
498 5 353 539
499 5 109 36
500 5 295 59
501 5 97 411
502 5 380 800
503 5 284 614
504 5 57 400
505 5 183 622
506 5 53 426
507 5 37 725
508 5 35 267
509 5 358 619
510 6 189 212
511 6 103 310
512 6 56 247
513 6 168 861
514 6 376 291
515 6 162 715
516 6 324 821
517 6 293 332
518 6 15 517
519 6 72 461
520 6 74 156
521 6 124 739
522 6 155 546
523 6 169 554
524 6 349 180
525 6 146 65
526 6 142 362
527 6 284 786
528 6 258 190
529 7 37 16
530 7 177 578
531 7 269 956
532 7 355 717
533 7 256 561
534 7 65 575
535 7 301 54
536 7 391 293
537 7 74 993
538 7 159 691
539 7 324 505
540 7 345 430
541 7 236 81
542 7 187 432
543 7 144 82
544 7 304 975
545 7 11 707
546 7 118 358
547 7 377 754
548 7 379 937
549 7 77 651
550 7 136 219
551 7 42 848
552 8 334 19
553 8 110 274
554 8 297 88
555 8 55 852
556 8 375 152
557 8 195 525
558 8 45 344
559 8 234 286
560 8 248 14
561 8 237 614
562 8 348 23
563 8 184 926
564 8 148 11
565 8 338 794
566 8 290 583
567 8 379 400
568 8 89 700
569 8 272 991
570 8 302 212
571 8 308 688
572 8 153 393
573 9 161 400
574 9 253 452
575 9 24 578
576 9 135 989
577 9 80 936
578 9 108 693
579 9 138 396
580 9 201 583
581 9 77 169
582 9 349 862
583 9 289 381
584 9 130 295
585 9 204 141
586 9 251 256
587 9 29 945
588 9 172 106
589 9 163 820
590 9 233 838
591 9 47 591
592 10 240 25
593 10 376 938
594 10 374 933
595 10 82 566
596 10 152 93
597 10 80 867
598 10 366 788
599 10 56 793
600 10 124 132
601 10 19 405
602 10 32 216
603 10 337 113
604 10 201 696
605 10 81 642
606 10 187 971
607 10 331 290
608 10 197 495
609 10 151 234
610 11 292 729
611 11 190 942
612 11 42 400
613 11 254 673
614 11 342 788
615 11 378 781
616 11 261 327
617 11 49 102
618 11 95 198
619 11 165 738
620 11 368 940
621 11 280 339
622 11 59 540
623 11 179 551
624 11 205 423
625 12 390 370
626 12 248 952
627 12 347 496
628 12 349 194
629 12 95 93
630 12 278 74
631 12 221 334
632 12 162 543
633 12 28 934
634 12 219 72
635 12 344 8
636 12 99 935
637 12 396 32
638 12 263 261
639 12 111 943
640 13 45 112
641 13 372 679
642 13 253 285
643 13 161 809
644 13 386 187
645 13 23 964
646 13 220 512
647 13 300 324
648 13 242 595
649 13 270 639
650 13 335 593
651 13 84 15
652 13 44 551
653 13 145 196
654 13 316 23
655 13 229 913
656 13 94 302
657 13 42 707
658 13 167 556
659 13 129 417
660 13 61 340
661 14 281 35
662 14 223 847
663 14 126 979
664 14 107 158
665 14 335 378
666 14 49 464
667 14 85 507
668 14 76 152
669 14 61 395
670 14 192 868
671 14 53 215
672 14 121 361
673 14 377 323
674 14 197 671
675 14 143 248
676 14 300 59
677 14 283 417
678 14 386 735
679 14 268 889
680 14 167 138
681 14 208 347
682 14 280 48
683 14 273 915
684 15 25 36
685 15 303 930
686 15 137 845
687 15 171 728
688 15 68 966
689 15 384 574
690 15 349 356
691 15 280 913
692 15 20 325
693 15 387 873
694 15 111 969
695 15 229 572
696 15 134 889
697 15 34 863
698 15 115 407
699 15 197 750
700 16 295 39
701 16 379 322
702 16 119 725
703 16 85 473
704 16 187 663
705 16 24 756
706 16 93 949
707 16 154 218
708 16 366 372
709 16 73 98
710 16 90 663
711 16 130 329
712 16 391 30
713 16 183 284
714 16 142 180
715 16 74 957
716 16 240 224
717 16 82 857
718 16 316 165
719 16 192 883
720 16 385 769
721 16 298 800
722 17 213 529
723 17 52 443
724 17 109 673
725 17 163 195
726 17 205 79
727 17 374 372
728 17 44 648
729 17 137 19
730 17 123 47
731 17 98 385
732 17 62 689
733 17 355 810
734 17 365 98
735 17 93 899
736 17 254 753
737 17 288 365
738 17 274 357
739 17 99 297
740 18 227 713
741 18 357 910
742 18 100 504
743 18 330 512
744 18 190 477
745 18 135 760
746 18 97 240
747 18 340 629
748 18 142 774
749 18 373 956
750 18 192 337
751 18 327 681
752 18 295 638
753 18 336 719
754 18 161 585
755 18 117 335
756 18 38 87
757 19 94 233
758 19 172 995
759 19 88 427
760 19 30 586
761 19 290 416
762 19 188 721
763 19 271 349
764 19 230 40
765 19 165 313
766 19 260 400
767 19 288 958
768 19 253 9
769 19 348 96
770 19 310 239
771 19 398 378
772 19 25 894
773 19 116 241
774 19 216 996
775 19 301 541
776 19 362 645
777 19 146 607
778 19 262 572
779 20 200 498
780 20 283 438
781 20 351 441
782 20 212 219
783 20 213 856
784 20 240 896
785 20 268 60
786 20 280 742
787 20 75 625
788 20 266 843
789 20 104 992
790 20 149 20
791 20 315 627
792 20 41 965
793 20 321 380
794 20 365 465
795 20 52 956
796 20 376 341
797 20 236 217
798 21 179 857
799 21 400 622
800 21 326 133
801 21 354 914
802 21 358 52
803 21 115 507
804 21 286 205
805 21 168 46
806 21 49 782
807 21 306 111
808 21 322 902
809 21 41 744
810 21 204 643
811 21 283 442
812 21 183 865
813 22 286 714
814 22 75 532
815 22 30 242
816 22 164 507
817 22 348 692
818 22 80 362
819 22 99 587
820 22 321 34
821 22 45 589
822 22 222 315
823 22 23 245
824 22 363 223
825 22 128 173
826 22 299 70
827 22 288 888
828 22 39 241
829 22 389 665
830 22 184 672
831 22 266 573
832 22 66 708
833 23 330 822
834 23 167 302
835 23 255 826
836 23 188 825
837 23 356 772
838 23 278 247
839 23 378 764
840 23 100 973
841 23 131 500
842 23 226 577
843 23 73 600
844 23 265 45
845 23 161 596
846 24 276 58
847 24 42 908
848 24 203 806
849 24 176 207
850 24 244 671
851 24 302 496
852 24 109 880
853 24 145 110
854 24 240 259
855 24 294 925
856 24 87 863
857 24 141 690
858 24 305 522
859 24 209 535
860 24 164 973
861 24 291 713
862 24 33 763
863 24 213 474
864 24 92 464
865 24 148 571
866 25 217 540
867 25 203 551
868 25 246 138
869 25 74 716
870 25 353 799
871 25 309 435
872 25 373 785
873 25 164 141
874 25 210 249
875 25 297 616
876 25 358 191
877 25 229 458
878 25 261 673
879 25 315 510
880 25 375 577
881 26 298 789
882 26 253 12
883 26 379 428
884 26 87 915
885 26 173 874
886 26 275 429
887 26 313 118
888 26 312 232
889 26 387 651
890 26 292 158
891 26 155 140
892 26 321 811
893 26 172 249
894 26 118 385
895 26 50 794
896 26 111 175
897 26 85 927
898 26 343 918
899 26 305 275
900 26 52 724
901 27 361 902
902 27 97 755
903 27 200 352
904 27 158 644
905 27 225 707
906 27 379 660
907 27 365 177
908 27 233 941
909 27 306 182
910 27 121 741
911 27 244 485
912 27 307 11
913 27 299 905
914 27 164 844
915 27 58 697
916 27 41 271
917 27 281 215
918 27 327 731
919 28 56 69
920 28 42 103
921 28 124 467
922 28 262 659
923 28 268 716
924 28 211 446
925 28 172 975
926 28 72 749
927 28 311 658
928 28 93 763
929 28 74 885
930 28 35 9
931 28 179 291
932 28 378 683
933 28 137 851
934 28 215 471
935 28 306 731
936 28 212 848
937 28 200 97
938 28 182 477
939 29 38 555
940 29 338 724
941 29 98 186
942 29 132 692
943 29 246 126
944 29 68 900
945 29 272 698
946 29 148 958
947 29 128 678
948 29 344 871
949 29 176 622
950 29 315 801
951 29 193 597
952 30 66 75
953 30 349 871
954 30 363 75
955 30 203 424
956 30 352 931
957 30 82 617
958 30 318 291
959 30 54 517
960 30 331 244
961 30 45 515
962 30 342 215
963 30 277 105
964 30 155 969
965 30 72 508
966 30 170 145
967 30 173 817
968 30 107 253
969 30 222 197
970 31 324 628
971 31 200 901
972 31 201 848
973 31 386 152
974 31 256 523
975 31 92 290
976 31 121 245
977 31 238 538
978 31 228 362
979 31 320 122
980 31 41 619
981 31 171 801
982 31 191 804
983 31 208 253
984 31 313 444
985 31 352 270
986 31 299 16
987 31 76 878
988 31 69 961
989 32 46 79
990 32 134 79
991 32 238 338
992 32 71 481
993 32 235 419
994 32 258 494
995 32 142 857
996 32 331 210
997 32 175 374
998 32 203 485
999 32 159 386
1000 32 192 534
1001 32 103 128
1002 32 85 729
1003 32 386 859
1004 32 187 33
1005 32 158 253
1006 33 148 927
1007 33 304 292
1008 33 354 680
1009 33 288 298
1010 33 36 215
1011 33 196 449
1012 33 91 629
1013 33 283 263
1014 33 173 594
1015 33 362 395
1016 33 98 390
1017 33 252 410
1018 33 312 3
1019 33 299 449
1020 33 388 154
1021 33 51 354
1022 33 161 718
1023 33 86 789
1024 33 37 597
1025 33 61 175
1026 33 333 515
1027 33 68 818
1028 33 259 65
1029 33 358 811
1030 33 279 564
1031 34 133 706
1032 34 87 48
1033 34 200 980
1034 34 239 494
1035 34 67 919
1036 34 343 590
1037 34 301 362
1038 34 263 170
1039 34 385 78
1040 34 319 798
1041 34 162 220
1042 34 291 882
1043 34 100 379
1044 34 211 556
1045 34 108 445
1046 34 48 440
1047 34 37 319
1048 34 196 314
1049 35 241 350
1050 35 81 327
1051 35 64 977
1052 35 147 44
1053 35 130 504
1054 35 174 34
1055 35 271 576
1056 35 374 268
1057 35 283 85
1058 35 183 20
1059 35 335 578
1060 35 68 411
1061 35 212 831
1062 35 356 248
1063 35 125 627
1064 35 56 337
1065 35 294 658
1066 35 322 639
1067 35 208 950
1068 36 376 186
1069 36 210 483
1070 36 91 58
1071 36 151 730
1072 36 243 680
1073 36 345 538
1074 36 338 883
1075 36 71 927
1076 36 236 842
1077 36 314 599
1078 36 197 551
1079 36 379 51
1080 36 170 789
1081 36 76 775
1082 36 84 310
1083 36 253 86
1084 36 360 414
1085 36 155 69
1086 36 203 479
1087 36 328 69
1088 36 308 670
1089 36 321 691
1090 37 260 349
1091 37 282 272
1092 37 38 27
1093 37 380 259
1094 37 66 608
1095 37 152 818
1096 37 272 588
1097 37 377 529
1098 37 259 583
1099 37 183 531
1100 38 55 783
1101 38 98 710
1102 38 365 588
1103 38 377 198
1104 38 79 608
1105 38 121 244
1106 38 169 688
1107 38 127 899
1108 38 254 20
1109 38 151 399
1110 38 237 11
1111 38 286 309
1112 38 374 154
1113 38 177 411
1114 38 261 830
1115 39 169 96
1116 39 112 95
1117 39 190 475
1118 39 149 165
1119 39 282 481
1120 39 148 576
1121 39 393 362
1122 39 324 245
1123 39 137 459
1124 39 330 227
1125 39 304 270
1126 39 120 767
1127 39 320 808
1128 39 90 935
1129 39 329 539
1130 39 170 27
1131 39 104 789
1132 39 187 585
1133 39 390 792
1134 39 262 762
1135 39 312 164
1136 39 67 158
1137 39 336 72
1138 39 182 814
1139 39 275 101
1140 39 203 102
1141 39 358 664
1142 39 207 293
1143 40 77 416
1144 40 263 376
1145 40 354 122
1146 40 369 685
1147 40 368 993
1148 40 149 76
1149 40 317 699
1150 40 257 293
1151 40 270 251
1152 40 87 147
1153 40 325 539
1154 40 195 315
1155 40 153 439
1156 40 152 208
1157 40 164 95
1158 40 101 630
1159 41 294 789
1160 41 146 781
1161 41 198 966
1162 41 210 739
1163 41 284 566
1164 41 276 141
1165 41 380 447
1166 41 152 177
1167 41 268 319
1168 41 372 775
1169 41 256 211
1170 41 384 862
1171 41 180 800
1172 41 75 530
1173 41 269 341
1174 41 85 811
1175 41 186 423
1176 41 242 85
1177 41 393 213
1178 42 328 435
1179 42 110 446
1180 42 185 428
1181 42 172 396
1182 42 353 638
1183 42 61 292
1184 42 229 286
1185 42 270 123
1186 42 112 95
1187 42 256 69
1188 42 90 229
1189 42 359 660
1190 42 366 484
1191 42 261 734
1192 42 56 51
1193 42 55 457
1194 42 160 263
1195 42 279 686
1196 42 184 258
1197 42 314 175
1198 42 126 109
1199 42 140 203
1200 43 388 107
1201 43 182 653
1202 43 137 465
1203 43 336 196
1204 43 359 228
1205 43 331 616
1206 43 130 297
1207 43 160 527
1208 43 117 502
1209 43 101 74
1210 43 232 550
1211 43 67 814
1212 43 131 304
1213 43 375 2
1214 43 262 938
1215 43 181 494
1216 44 162 833
1217 44 225 481
1218 44 243 747
1219 44 91 292
1220 44 218 688
1221 44 148 940
1222 44 146 352
1223 44 298 230
1224 44 169 925
1225 44 346 637
1226 44 205 47
1227 44 200 752
1228 44 246 176
1229 44 134 706
1230 44 192 122
1231 44 63 424
1232 44 138 760
1233 44 151 81
1234 44 369 250
1235 44 103 899
1236 44 383 414
1237 44 123 646
1238 45 218 614
1239 45 313 31
1240 45 382 452
1241 45 49 473
1242 45 85 589
1243 45 260 548
1244 45 178 380
1245 45 376 816
1246 45 183 508
1247 45 225 881
1248 45 300 557
1249 45 197 762
1250 45 93 606
1251 45 130 179
1252 45 229 434
1253 45 111 70
1254 45 188 753
1255 46 206 206
1256 46 157 82
1257 46 319 645
1258 46 53 494
1259 46 63 710
1260 46 231 526
1261 46 55 810
1262 46 219 469
1263 46 237 534
1264 46 294 175
1265 46 277 813
1266 47 365 118
1267 47 151 643
1268 47 376 201
1269 47 268 441
1270 47 219 217
1271 47 386 785
1272 47 72 17
1273 47 310 10
1274 47 325 765
1275 47 136 919
1276 47 161 563
1277 48 202 120
1278 48 269 808
1279 48 121 641
1280 48 280 872
1281 48 288 8
1282 48 191 843
1283 48 325 105
1284 48 258 903
1285 48 297 228
1286 48 392 728
1287 48 344 131
1288 48 195 894
1289 48 310 839
1290 48 217 919
1291 48 91 940
1292 48 104 878
1293 49 332 121
1294 49 106 230
1295 49 361 140
1296 49 251 217
1297 49 88 60
1298 49 322 203
1299 49 80 418
1300 49 84 942
1301 49 167 465
1302 49 357 551
1303 49 320 504
1304 49 301 339
1305 49 110 187
1306 49 203 675
1307 49 327 812
1308 49 56 904
1309 49 113 417
1310 49 91 529
1311 49 268 45
1312 49 266 646
1313 49 156 468
1314 49 94 20
1315 50 307 238
1316 50 52 342
1317 50 168 805
1318 50 378 111
1319 50 333 887
1320 50 126 763
1321 50 290 836
1322 50 342 833
1323 50 120 379
1324 50 369 811
1325 50 253 440
1326 51 90 224
1327 51 230 201
1328 51 382 105
1329 51 95 18
1330 51 315 696
1331 51 58 768
1332 51 190 900
1333 51 366 747
1334 51 261 584
1335 51 204 136
1336 51 130 101
1337 51 356 686
1338 51 88 37
1339 51 149 962
1340 51 336 874
1341 51 296 802
1342 51 63 229
1343 51 150 280
1344 51 355 303
1345 52 264 658
1346 52 312 130
1347 52 271 677
1348 52 165 955
1349 52 395 40
1350 52 355 620
1351 52 329 767
1352 52 123 762
1353 52 124 273
1354 52 330 430
1355 52 333 52
1356 52 369 312
1357 52 354 270
1358 52 112 301
1359 52 361 973
1360 52 95 337
1361 52 368 967
1362 52 108 932
1363 52 90 576
1364 53 64 214
1365 53 311 46
1366 53 161 165
1367 53 378 887
1368 53 308 809
1369 53 177 282
1370 53 202 962
1371 53 295 911
1372 53 358 95
1373 53 95 507
1374 53 351 522
1375 53 354 689
1376 53 246 735
1377 53 255 86
1378 54 367 135
1379 54 61 17
1380 54 282 295
1381 54 382 898
1382 54 218 339
1383 54 364 609
1384 54 159 581
1385 54 182 968
1386 54 289 278
1387 54 318 990
1388 54 131 227
1389 54 112 723
1390 54 189 623
1391 54 143 653
1392 54 71 810
1393 55 380 322
1394 55 223 248
1395 55 189 866
1396 55 314 685
1397 55 303 831
1398 55 267 34
1399 55 142 668
1400 55 227 296
1401 55 196 225
1402 55 89 159
1403 55 327 889
1404 55 192 66
1405 55 113 409
1406 55 385 661
1407 55 56 474
1408 55 358 775
1409 55 251 439
1410 55 101 666
1411 55 301 54
1412 55 162 104
1413 55 64 406
1414 55 71 623
1415 55 354 239
1416 55 334 882
1417 56 80 199
1418 56 211 525
1419 56 151 561
1420 56 161 664
1421 56 380 498
1422 56 92 681
1423 56 374 688
1424 56 84 245
1425 56 249 918
1426 56 171 324
1427 56 308 601
1428 56 231 945
1429 56 183 950
1430 56 179 525
1431 56 215 2
1432 56 111 276
1433 56 263 90
1434 56 230 85
1435 56 301 168
1436 56 81 766
1437 57 320 807
1438 57 304 276
1439 57 114 532
1440 57 326 661
1441 57 89 835
1442 57 153 280
1443 57 390 593
1444 57 194 488
1445 57 91 12
1446 57 325 124
1447 57 60 840
1448 57 108 931
1449 57 316 728
1450 57 368 335
1451 57 336 501
1452 57 178 264
1453 58 95 568
1454 58 180 174
1455 58 394 548
1456 58 390 588
1457 58 265 803
1458 58 127 863
1459 58 339 209
1460 58 226 173
1461 58 371 941
1462 59 174 146
1463 59 237 591
1464 59 290 146
1465 59 353 264
1466 59 97 184
1467 59 202 324
1468 59 75 644
1469 59 183 753
1470 59 91 612
1471 59 320 733
1472 59 130 600
1473 59 250 927
1474 59 218 531
1475 59 329 928
1476 59 255 834
1477 59 308 94
1478 59 209 741
1479 60 265 660
1480 60 222 49
1481 60 144 909
1482 60 289 6
1483 60 199 326
1484 60 328 921
1485 60 216 970
1486 60 104 921
1487 60 378 960
1488 60 303 412
1489 60 152 972
1490 60 325 604
1491 60 247 1
1492 60 138 918
1493 60 326 982
1494 60 111 966
1495 61 349 152
1496 61 184 372
1497 61 276 673
1498 61 294 367
1499 61 173 507
1500 61 128 387
1501 61 323 238
1502 61 188 14
1503 61 272 306
1504 61 63 630
1505 61 65 542
1506 61 115 711
1507 61 330 840
1508 61 114 285
1509 61 175 220
1510 61 87 965
1511 61 123 342
1512 62 257 154
1513 62 335 717
1514 62 330 394
1515 62 222 637
1516 62 127 736
1517 62 284 508
1518 62 246 831
1519 62 145 533
1520 62 218 999
1521 62 376 680
1522 62 151 282
1523 62 380 66
1524 62 337 334
1525 62 139 933
1526 62 213 157
1527 62 326 339
1528 62 197 214
1529 62 328 276
1530 63 317 156
1531 63 235 961
1532 63 232 459
1533 63 185 204
1534 63 200 915
1535 63 166 717
1536 63 131 927
1537 63 85 47
1538 63 122 586
1539 63 316 528
1540 63 327 843
1541 63 357 928
1542 64 292 631
1543 64 339 523
1544 64 84 306
1545 64 373 304
1546 64 398 32
1547 64 277 217
1548 64 100 762
1549 64 313 374
1550 64 196 209
1551 64 250 954
1552 64 145 440
1553 64 203 356
1554 64 279 398
1555 64 169 542
1556 64 275 218
1557 64 361 90
1558 64 229 856
1559 65 268 669
1560 65 342 704
1561 65 123 869
1562 65 243 59
1563 65 106 177
1564 65 143 292
1565 65 323 344
1566 65 378 290
1567 65 372 167
1568 65 173 9
1569 65 344 588
1570 65 379 581
1571 65 86 536
1572 65 131 739
1573 66 382 179
1574 66 353 851
1575 66 90 598
1576 66 186 14
1577 66 247 396
1578 66 241 337
1579 66 299 17
1580 66 363 263
1581 66 131 252
1582 66 177 625
1583 66 108 105
1584 66 376 933
1585 66 323 334
1586 66 203 313
1587 66 170 570
1588 66 151 678
1589 66 238 392
1590 66 121 654
1591 66 316 325
1592 66 137 698
1593 66 330 891
1594 67 353 167
1595 67 133 994
1596 67 151 551
1597 67 326 21
1598 67 280 767
1599 67 176 56
1600 67 141 274
1601 67 288 117
1602 67 360 734
1603 67 92 612
1604 67 71 855
1605 67 96 185
1606 67 235 26
1607 67 400 859
1608 67 142 761
1609 67 158 364
1610 67 196 792
1611 67 346 592
1612 67 168 268
1613 67 291 291
1614 68 188 463
1615 68 123 496
1616 68 358 839
1617 68 201 436
1618 68 183 866
1619 68 396 528
1620 68 289 555
1621 68 134 316
1622 68 93 415
1623 68 296 512
1624 68 162 272
1625 68 195 367
1626 68 332 912
1627 68 142 246
1628 68 360 564
1629 68 118 63
1630 68 306 42
1631 68 287 992
1632 68 69 472
1633 69 114 284
1634 69 76 112
1635 69 156 478
1636 69 145 903
1637 69 313 261
1638 69 196 31
1639 69 187 724
1640 69 261 920
1641 69 234 578
1642 69 262 710
1643 69 342 352
1644 70 81 257
1645 70 133 104
1646 70 212 758
1647 70 113 839
1648 70 193 580
1649 70 138 206
1650 70 179 138
1651 70 86 782
1652 70 364 739
1653 70 244 607
1654 70 167 24
1655 70 228 105
1656 71 281 701
1657 71 390 932
1658 71 296 313
1659 71 193 88
1660 71 250 793
1661 71 340 580
1662 71 97 651
1663 71 236 141
1664 71 395 632
1665 71 240 632
1666 71 228 627
1667 71 285 760
1668 72 385 311
1669 72 251 324
1670 72 177 920
1671 72 280 553
1672 72 139 667
1673 72 256 565
1674 72 174 702
1675 72 182 860
1676 72 219 884
1677 72 149 148
1678 72 179 670
1679 72 103 408
1680 72 245 456
1681 72 170 513
1682 72 102 251
1683 72 153 751
1684 73 255 574
1685 73 299 737
1686 73 187 934
1687 73 158 159
1688 73 316 150
1689 73 139 945
1690 73 81 867
1691 73 170 318
1692 73 226 870
1693 73 231 276
1694 73 270 742
1695 73 274 850
1696 73 97 851
1697 73 340 152
1698 73 378 216
1699 74 313 184
1700 74 333 121
1701 74 287 137
1702 74 227 997
1703 74 248 127
1704 74 94 164
1705 74 229 944
1706 74 251 244
1707 74 192 219
1708 74 92 941
1709 74 129 551
1710 74 253 184
1711 75 110 286
1712 75 361 974
1713 75 134 198
1714 75 346 334
1715 75 158 560
1716 75 149 953
1717 75 329 524
1718 75 198 645
1719 75 262 968
1720 75 164 267
1721 75 286 244
1722 75 222 650
1723 75 370 217
1724 75 98 662
1725 75 129 782
1726 75 301 688
1727 76 277 690
1728 76 218 220
1729 76 361 192
1730 76 167 719
1731 76 94 487
1732 76 220 778
1733 76 131 677
1734 76 135 926
1735 76 300 183
1736 76 148 749
1737 76 195 565
1738 76 182 230
1739 76 146 452
1740 76 193 288
1741 76 387 449
1742 76 93 858
1743 76 289 253
1744 76 136 277
1745 77 396 988
1746 77 216 540
1747 77 185 831
1748 77 241 501
1749 77 122 519
1750 77 124 501
1751 77 286 28
1752 77 95 973
1753 77 215 300
1754 77 115 544
1755 77 83 716
1756 77 161 339
1757 77 261 700
1758 77 292 975
1759 77 156 300
1760 77 167 236
1761 78 235 448
1762 78 204 443
1763 78 123 885
1764 78 100 121
1765 78 399 589
1766 78 140 7
1767 78 366 365
1768 78 388 756
1769 78 223 127
1770 78 133 371
1771 78 167 902
1772 78 296 323
1773 78 325 550
1774 79 207 517
1775 79 119 346
1776 79 337 449
1777 79 160 637
1778 79 145 234
1779 79 391 310
1780 79 178 962
1781 79 308 788
1782 79 132 902
1783 79 81 13
1784 79 95 536
1785 79 377 168
1786 79 314 942
1787 79 273 249
1788 79 173 965
1789 80 302 637
1790 80 200 836
1791 80 132 50
1792 80 213 96
1793 80 362 222
1794 80 223 597
1795 80 153 675
1796 80 97 372
1797 80 337 365
1798 80 204 318
1799 80 230 619
1800 80 131 809
1801 80 387 139
1802 80 331 681
1803 81 289 140
1804 81 369 886
1805 81 269 859
1806 81 311 65
1807 81 239 248
1808 81 400 782
1809 81 314 245
1810 81 352 361
1811 81 272 722
1812 81 365 149
1813 81 364 20
1814 81 313 723
1815 81 375 591
1816 81 359 536
1817 81 138 477
1818 81 168 520
1819 81 92 631
1820 81 170 468
1821 82 232 165
1822 82 323 29
1823 82 380 897
1824 82 321 939
1825 82 221 751
1826 82 356 340
1827 82 382 969
1828 82 317 542
1829 82 184 781
1830 82 167 758
1831 82 176 731
1832 82 400 929
1833 82 347 992
1834 82 294 728
1835 82 137 860
1836 82 399 82
1837 82 379 144
1838 82 119 35
1839 83 364 907
1840 83 354 72
1841 83 271 2
1842 83 389 664
1843 83 277 296
1844 83 116 716
1845 83 307 212
1846 83 279 230
1847 83 120 582
1848 83 349 212
1849 83 229 751
1850 83 172 535
1851 83 264 835
1852 83 143 803
1853 83 118 349
1854 83 205 710
1855 83 342 143
1856 83 380 755
1857 83 275 869
1858 83 177 441
1859 83 329 752
1860 84 246 209
1861 84 197 210
1862 84 234 808
1863 84 139 574
1864 84 117 105
1865 84 400 812
1866 84 210 887
1867 84 261 281
1868 84 222 319
1869 84 278 640
1870 84 108 132
1871 84 265 374
1872 84 378 356
1873 84 303 860
1874 85 328 212
1875 85 306 7
1876 85 224 739
1877 85 336 221
1878 85 340 103
1879 85 338 829
1880 85 289 629
1881 85 244 569
1882 85 258 569
1883 85 315 709
1884 85 383 767
1885 85 373 99
1886 85 150 152
1887 85 206 432
1888 85 307 681
1889 85 120 580
1890 85 107 724
1891 86 353 881
1892 86 340 707
1893 86 102 276
1894 86 141 612
1895 86 388 369
1896 86 309 892
1897 86 109 723
1898 86 236 95
1899 86 172 788
1900 86 195 181
1901 86 335 591
1902 86 327 961
1903 86 356 22
1904 86 263 800
1905 86 237 741
1906 86 244 850
1907 86 117 75
1908 86 292 280
1909 87 200 880
1910 87 383 448
1911 87 172 289
1912 87 300 381
1913 87 243 602
1914 87 356 697
1915 87 95 899
1916 87 197 939
1917 87 381 112
1918 87 204 39
1919 87 334 27
1920 87 280 993
1921 87 349 128
1922 87 247 734
1923 87 252 410
1924 87 202 307
1925 87 274 413
1926 87 271 607
1927 87 269 180
1928 87 93 768
1929 88 253 630
1930 88 342 219
1931 88 323 514
1932 88 335 945
1933 88 147 82
1934 88 259 77
1935 88 388 489
1936 88 122 22
1937 88 392 22
1938 88 89 703
1939 88 164 66
1940 88 225 230
1941 88 173 224
1942 88 239 76
1943 88 247 536
1944 88 348 550
1945 88 231 953
1946 88 191 227
1947 89 212 600
1948 89 380 544
1949 89 262 115
1950 89 292 661
1951 89 382 620
1952 89 308 471
1953 89 275 225
1954 89 316 698
1955 89 93 586
1956 89 266 589
1957 89 334 229
1958 89 391 290
1959 89 264 785
1960 89 137 656
1961 89 136 945
1962 89 338 774
1963 89 190 479
1964 89 127 480
1965 89 129 653
1966 90 220 119
1967 90 334 673
1968 90 169 442
1969 90 214 634
1970 90 318 409
1971 90 321 52
1972 90 141 746
1973 90 388 351
1974 90 378 326
1975 90 146 989
1976 90 201 448
1977 90 307 62
1978 90 270 290
1979 90 189 84
1980 90 102 969
1981 91 240 665
1982 91 170 206
1983 91 103 359
1984 91 158 524
1985 91 204 853
1986 91 153 703
1987 91 371 292
1988 91 228 433
1989 91 267 947
1990 91 259 996
1991 91 173 408
1992 91 220 233
1993 91 356 256
1994 91 212 984
1995 91 321 301
1996 92 196 930
1997 92 276 29
1998 92 158 789
1999 92 388 302
2000 92 263 650
2001 92 122 358
2002 92 365 334
2003 92 376 977
2004 92 361 947
2005 92 400 581
2006 92 350 10
2007 92 131 520
2008 93 243 605
2009 93 122 303
2010 93 239 845
2011 93 255 699
2012 93 377 824
2013 93 299 207
2014 93 258 439
2015 93 375 249
2016 93 369 94
2017 93 252 860
2018 93 135 583
2019 93 301 119
2020 93 345 835
2021 93 217 410
2022 93 370 954
2023 93 97 336
2024 93 320 933
2025 93 230 252
2026 93 265 264
2027 94 181 685
2028 94 321 109
2029 94 400 835
2030 94 302 671
2031 94 230 798
2032 94 221 533
2033 94 98 737
2034 94 189 128
2035 94 322 838
2036 94 228 873
2037 94 371 365
2038 94 365 237
2039 94 331 363
2040 94 325 595
2041 94 177 615
2042 94 172 297
2043 95 369 167
2044 95 113 650
2045 95 347 469
2046 95 314 41
2047 95 177 492
2048 95 191 266
2049 95 315 938
2050 95 167 748
2051 95 296 726
2052 95 293 534
2053 95 261 699
2054 95 250 714
2055 96 338 191
2056 96 213 27
2057 96 102 462
2058 96 154 151
2059 96 147 941
2060 96 261 375
2061 96 344 238
2062 96 259 116
2063 96 394 422
2064 96 229 224
2065 96 137 203
2066 96 122 281
2067 96 295 78
2068 96 332 500
2069 96 192 390
2070 97 244 462
2071 97 141 46
2072 97 342 484
2073 97 122 923
2074 97 196 314
2075 97 382 149
2076 97 353 568
2077 97 178 595
2078 97 239 49
2079 97 177 564
2080 97 256 570
2081 98 197 245
2082 98 260 243
2083 98 366 913
2084 98 121 477
2085 98 124 461
2086 98 135 911
2087 98 138 67
2088 98 279 244
2089 98 327 491
2090 98 256 412
2091 98 120 839
2092 98 117 97
2093 98 198 17
2094 98 395 665
2095 98 142 677
2096 98 157 920
2097 98 386 680
2098 98 345 367
2099 98 143 905
2100 98 264 922
2101 98 376 443
2102 98 148 69
2103 98 388 397
2104 99 159 796
2105 99 387 71
2106 99 137 410
2107 99 230 61
2108 99 354 441
2109 99 228 719
2110 99 156 614
2111 99 153 506
2112 99 129 103
2113 99 350 191
2114 99 294 629
2115 99 320 305
2116 100 241 616
2117 100 201 541
2118 100 362 436
2119 100 154 650
2120 100 120 212
2121 100 189 377
2122 100 302 834
2123 100 335 819
2124 100 240 662
2125 100 113 418
2126 100 285 878
2127 100 190 753
2128 100 359 444
2129 100 274 714
2130 100 171 194
2131 100 185 797
2132 100 144 950
2133 100 191 330
2134 100 341 515
2135 101 167 417
2136 101 191 556
2137 101 230 17
2138 101 362 223
2139 101 334 902
2140 101 219 342
2141 101 352 209
2142 101 211 207
2143 101 170 714
2144 101 217 433
2145 101 367 134
2146 101 204 167
2147 101 145 586
2148 101 296 370
2149 101 205 457
2150 101 300 253
2151 101 182 390
2152 102 232 419
2153 102 364 49
2154 102 370 557
2155 102 378 220
2156 102 266 598
2157 102 384 22
2158 102 314 147
2159 102 290 304
2160 102 308 103
2161 102 118 618
2162 102 178 625
2163 103 335 830
2164 103 387 31
2165 103 153 283
2166 103 207 371
2167 103 392 35
2168 103 375 607
2169 103 175 430
2170 103 247 910
2171 103 214 365
2172 103 253 74
2173 103 376 5
2174 103 119 427
2175 103 275 11
2176 103 111 751
2177 103 199 113
2178 103 144 590
2179 103 310 446
2180 103 109 153
2181 104 178 105
2182 104 229 489
2183 104 374 900
2184 104 199 663
2185 104 388 727
2186 104 279 725
2187 104 157 568
2188 104 231 231
2189 104 312 304
2190 104 335 182
2191 105 287 543
2192 105 359 891
2193 105 187 216
2194 105 185 903
2195 105 147 457
2196 105 129 214
2197 105 269 636
2198 105 209 80
2199 106 252 88
2200 106 327 142
2201 106 161 681
2202 106 303 726
2203 106 365 779
2204 106 323 976
2205 106 243 763
2206 106 256 487
2207 106 187 707
2208 106 386 373
2209 106 281 881
2210 106 337 593
2211 106 201 143
2212 106 255 435
2213 106 166 799
2214 106 241 197
2215 106 280 495
2216 106 168 608
2217 106 333 147
2218 106 308 219
2219 106 271 357
2220 107 214 476
2221 107 296 697
2222 107 255 388
2223 107 252 695
2224 107 142 12
2225 107 378 110
2226 107 259 138
2227 107 354 985
2228 107 301 501
2229 108 164 56
2230 108 325 109
2231 108 110 211
2232 108 372 444
2233 108 398 285
2234 108 375 121
2235 108 256 799
2236 108 175 132
2237 108 392 747
2238 108 382 88
2239 108 323 698
2240 108 186 663
2241 108 158 22
2242 108 133 600
2243 108 298 78
2244 108 255 963
2245 108 132 257
2246 108 223 441
2247 108 361 589
2248 108 130 44
2249 109 202 58
2250 109 187 699
2251 109 318 509
2252 109 173 567
2253 109 216 42
2254 109 309 800
2255 109 365 810
2256 109 284 922
2257 110 215 701
2258 110 335 983
2259 110 140 720
2260 110 345 686
2261 110 223 827
2262 110 343 614
2263 110 240 518
2264 110 147 57
2265 110 112 319
2266 110 371 761
2267 111 135 11
2268 111 247 249
2269 111 220 729
2270 111 270 150
2271 111 284 77
2272 111 149 337
2273 111 303 396
2274 111 244 850
2275 111 180 908
2276 111 134 993
2277 111 398 429
2278 111 141 261
2279 111 399 543
2280 111 302 455
2281 111 343 838
2282 111 378 683
2283 111 189 899
2284 111 269 193
2285 112 178 948
2286 112 314 296
2287 112 235 621
2288 112 285 85
2289 112 121 614
2290 112 276 222
2291 112 134 912
2292 112 295 568
2293 112 352 182
2294 112 258 302
2295 112 176 529
2296 112 170 124
2297 112 398 650
2298 112 195 744
2299 113 246 786
2300 113 227 64
2301 113 280 446
2302 113 163 100
2303 113 285 192
2304 113 206 32
2305 113 232 739
2306 113 119 992
2307 113 325 352
2308 113 314 652
2309 113 141 621
2310 113 324 258
2311 113 192 947
2312 113 132 74
2313 113 283 806
2314 113 239 286
2315 114 326 283
2316 114 180 588
2317 114 127 610
2318 114 391 318
2319 114 297 554
2320 114 194 844
2321 114 174 955
2322 114 222 239
2323 114 374 201
2324 114 324 61
2325 114 208 557
2326 114 253 910
2327 114 333 128
2328 114 290 645
2329 114 184 794
2330 115 372 796
2331 115 229 463
2332 115 225 940
2333 115 124 869
2334 115 202 199
2335 115 244 586
2336 115 192 405
2337 115 270 287
2338 115 374 456
2339 115 266 64
2340 115 265 467
2341 115 311 750
2342 115 238 734
2343 115 371 966
2344 115 305 567
2345 115 249 734
2346 115 379 365
2347 115 177 17
2348 116 157 391
2349 116 375 936
2350 116 152 265
2351 116 297 547
2352 116 309 188
2353 116 137 221
2354 116 318 358
2355 116 303 457
2356 116 380 484
2357 116 187 732
2358 116 361 937
2359 116 218 893
2360 116 255 790
2361 116 145 507
2362 116 347 894
2363 116 257 615
2364 116 136 945
2365 116 140 342
2366 116 144 328
2367 116 121 840
2368 117 273 891
2369 117 197 308
2370 117 174 192
2371 117 188 440
2372 117 229 617
2373 117 260 128
2374 117 154 194
2375 117 126 268
2376 117 283 397
2377 117 175 349
2378 117 291 720
2379 117 141 804
2380 117 377 281
2381 117 327 277
2382 117 315 783
2383 117 354 230
2384 117 201 41
2385 117 257 534
2386 117 200 418
2387 117 230 644
2388 117 187 348
2389 117 323 474
2390 117 342 961
2391 118 300 750
2392 118 225 452
2393 118 157 787
2394 118 307 510
2395 118 191 708
2396 118 137 34
2397 118 224 567
2398 118 371 619
2399 118 328 615
2400 118 168 247
2401 118 295 514
2402 118 205 230
2403 118 367 818
2404 118 347 159
2405 118 298 97
2406 118 221 957
2407 118 147 614
2408 119 170 98
2409 119 305 137
2410 119 284 925
2411 119 316 445
2412 119 295 938
2413 119 392 452
2414 119 368 598
2415 119 138 956
2416 119 329 857
2417 119 126 42
2418 119 211 735
2419 119 201 190
2420 120 306 764
2421 120 315 315
2422 120 160 100
2423 120 138 345
2424 120 166 822
2425 120 355 28
2426 120 321 310
2427 120 325 553
2428 120 164 696
2429 120 378 276
2430 120 251 300
2431 120 273 254
2432 121 238 594
2433 121 390 8
2434 121 202 803
2435 121 220 346
2436 121 396 276
2437 121 257 997
2438 121 125 204
2439 121 272 391
2440 121 217 806
2441 121 175 23
2442 121 215 788
2443 121 382 335
2444 121 318 605
2445 121 227 949
2446 122 385 758
2447 122 184 531
2448 122 376 32
2449 122 258 37
2450 122 164 215
2451 122 356 498
2452 122 335 910
2453 122 361 344
2454 122 282 516
2455 122 302 761
2456 122 179 102
2457 122 284 515
2458 122 163 574
2459 122 174 106
2460 122 320 593
2461 122 261 44
2462 122 295 970
2463 123 307 709
2464 123 144 302
2465 123 315 853
2466 123 275 941
2467 123 384 265
2468 123 231 114
2469 123 233 442
2470 123 220 572
2471 123 138 137
2472 123 346 180
2473 124 230 48
2474 124 143 612
2475 124 140 608
2476 124 351 442
2477 124 174 347
2478 125 194 869
2479 125 347 403
2480 125 158 588
2481 125 267 663
2482 125 295 523
2483 125 162 417
2484 125 266 531
2485 125 396 221
2486 125 160 740
2487 125 336 425
2488 125 305 822
2489 125 238 43
2490 125 250 307
2491 125 356 986
2492 125 204 282
2493 125 385 812
2494 126 311 776
2495 126 240 229
2496 126 323 264
2497 126 192 699
2498 126 136 744
2499 126 374 81
2500 126 319 636
2501 126 342 89
2502 126 321 629
2503 126 399 223
2504 126 278 378
2505 126 181 931
2506 126 228 812
2507 126 163 209
2508 126 343 647
2509 127 383 897
2510 127 230 972
2511 127 315 688
2512 127 182 613
2513 127 145 39
2514 127 243 239
2515 127 269 601
2516 127 180 232
2517 127 349 528
2518 127 218 382
2519 127 136 687
2520 127 135 681
2521 127 246 963
2522 127 290 597
2523 128 150 320
2524 128 381 950
2525 128 256 640
2526 128 251 320
2527 128 193 489
2528 128 258 437
2529 128 294 807
2530 128 167 729
2531 128 367 601
2532 128 153 16
2533 128 155 942
2534 128 298 968
2535 128 268 102
2536 128 300 808
2537 128 226 139
2538 128 337 655
2539 128 232 190
2540 128 276 360
2541 129 388 968
2542 129 360 378
2543 129 350 622
2544 129 194 880
2545 129 353 160
2546 129 340 721
2547 129 172 657
2548 129 249 260
2549 129 328 595
2550 129 210 80
2551 129 304 986
2552 130 205 263
2553 130 204 977
2554 130 264 689
2555 130 236 562
2556 130 211 857
2557 130 281 260
2558 130 332 106
2559 130 388 859
2560 130 187 90
2561 130 297 376
2562 130 149 434
2563 130 309 498
2564 130 266 222
2565 130 261 607
2566 131 306 899
2567 131 303 897
2568 131 249 665
2569 131 354 531
2570 131 150 152
2571 131 227 978
2572 131 295 787
2573 131 341 705
2574 131 252 311
2575 131 197 483
2576 131 269 929
2577 131 292 328
2578 131 390 650
2579 131 374 225
2580 131 340 778
2581 132 146 200
2582 132 186 400
2583 132 171 4
2584 132 294 133
2585 132 354 616
2586 132 276 348
2587 132 399 607
2588 132 301 150
2589 132 263 617
2590 132 367 793
2591 132 260 89
2592 132 278 184
2593 132 297 845
2594 132 215 782
2595 132 385 865
2596 132 211 384
2597 132 356 320
2598 132 180 5
2599 132 324 205
2600 132 348 832
2601 133 364 338
2602 133 266 745
2603 133 233 683
2604 133 391 585
2605 133 370 418
2606 133 135 375
2607 134 168 535
2608 134 288 987
2609 134 237 543
2610 134 140 586
2611 134 172 680
2612 134 193 75
2613 134 363 732
2614 134 337 421
2615 134 241 81
2616 134 385 403
2617 134 378 526
2618 134 380 847
2619 134 137 925
2620 134 295 126
2621 134 364 34
2622 134 135 818
2623 134 247 355
2624 134 307 793
2625 135 374 826
2626 135 227 834
2627 135 205 344
2628 135 391 61
2629 135 271 295
2630 135 180 786
2631 135 178 12
2632 135 211 491
2633 135 302 42
2634 135 260 263
2635 135 155 354
2636 135 321 996
2637 135 191 84
2638 135 368 992
2639 135 242 751
2640 136 396 270
2641 136 232 380
2642 136 203 233
2643 136 273 177
2644 136 261 106
2645 136 291 890
2646 136 368 329
2647 136 393 916
2648 136 399 499
2649 136 254 434
2650 136 311 409
2651 136 381 915
2652 136 221 170
2653 136 215 651
2654 136 150 609
2655 136 172 683
2656 136 301 685
2657 137 318 794
2658 137 389 334
2659 137 385 913
2660 137 225 748
2661 137 172 627
2662 137 181 228
2663 137 180 802
2664 137 326 425
2665 137 155 449
2666 137 220 938
2667 138 236 590
2668 138 254 340
2669 138 303 138
2670 138 347 305
2671 138 301 959
2672 138 327 749
2673 138 390 593
2674 138 240 738
2675 138 344 948
2676 138 377 464
2677 138 156 683
2678 139 340 348
2679 139 333 532
2680 139 201 977
2681 139 342 690
2682 139 140 972
2683 139 287 708
2684 139 353 163
2685 139 387 421
2686 139 207 352
2687 139 384 972
2688 139 242 159
2689 139 321 889
2690 139 192 518
2691 140 225 349
2692 140 376 349
2693 140 141 362
2694 140 247 617
2695 140 229 387
2696 140 306 781
2697 140 354 542
2698 140 355 922
2699 140 181 754
2700 140 393 425
2701 140 168 592
2702 140 161 9
2703 140 170 177
2704 140 385 997
2705 140 293 999
2706 140 188 904
2707 141 179 321
2708 141 247 720
2709 141 257 811
2710 141 375 608
2711 141 233 667
2712 141 161 813
2713 141 164 906
2714 141 340 580
2715 141 385 725
2716 141 222 135
2717 141 218 26
2718 141 297 6
2719 141 296 715
2720 141 142 679
2721 141 163 491
2722 141 284 4
2723 142 166 189
2724 142 367 23
2725 142 399 297
2726 142 217 897
2727 142 242 152
2728 142 251 868
2729 142 194 541
2730 142 276 436
2731 142 234 183
2732 142 249 980
2733 142 179 494
2734 142 358 212
2735 142 348 327
2736 143 357 34
2737 143 249 491
2738 143 324 218
2739 143 294 676
2740 143 278 663
2741 144 151 68
2742 144 395 194
2743 144 377 344
2744 144 283 816
2745 144 251 772
2746 144 322 513
2747 144 357 503
2748 144 184 12
2749 144 360 350
2750 144 186 633
2751 144 214 862
2752 144 353 644
2753 144 177 825
2754 144 384 207
2755 144 201 252
2756 144 347 904
2757 144 383 974
2758 145 266 971
2759 145 198 277
2760 145 269 572
2761 145 289 16
2762 145 267 402
2763 145 246 869
2764 145 291 708
2765 145 341 951
2766 145 316 947
2767 145 233 87
2768 145 346 479
2769 145 177 10
2770 145 326 198
2771 145 273 162
2772 145 325 933
2773 146 176 15
2774 146 396 471
2775 146 262 801
2776 146 166 183
2777 146 312 107
2778 146 335 456
2779 146 380 913
2780 146 250 719
2781 146 350 509
2782 146 187 971
2783 146 344 324
2784 146 290 153
2785 146 253 565
2786 147 364 869
2787 147 233 19
2788 147 331 712
2789 147 400 532
2790 147 195 442
2791 147 153 456
2792 147 337 650
2793 147 397 542
2794 147 375 909
2795 147 247 125
2796 147 207 360
2797 147 196 76
2798 148 335 746
2799 148 150 128
2800 148 243 774
2801 148 283 883
2802 148 187 739
2803 148 365 92
2804 148 174 27
2805 148 298 16
2806 149 200 747
2807 149 316 201
2808 149 191 39
2809 149 232 685
2810 149 318 685
2811 149 349 396
2812 149 365 299
2813 149 256 562
2814 149 305 994
2815 149 185 863
2816 149 208 50
2817 149 221 758
2818 149 304 9
2819 149 264 630
2820 149 353 923
2821 149 206 151
2822 150 373 663
2823 150 361 174
2824 150 390 687
2825 150 232 695
2826 150 378 310
2827 150 239 298
2828 150 353 650
2829 150 207 506
2830 151 205 586
2831 151 161 863
2832 151 169 867
2833 151 220 396
2834 151 191 609
2835 152 305 762
2836 152 359 881
2837 152 331 385
2838 152 299 699
2839 152 171 992
2840 152 307 875
2841 152 217 725
2842 152 362 230
2843 152 177 728
2844 152 248 15
2845 152 340 580
2846 152 242 411
2847 153 338 844
2848 153 237 952
2849 153 392 130
2850 153 329 513
2851 153 336 768
2852 153 369 492
2853 153 266 50
2854 153 324 228
2855 153 165 137
2856 153 178 285
2857 153 308 318
2858 153 262 706
2859 154 245 872
2860 154 368 775
2861 154 244 329
2862 154 180 913
2863 154 392 159
2864 154 295 614
2865 154 346 234
2866 154 302 156
2867 154 362 702
2868 155 213 137
2869 155 177 788
2870 155 231 990
2871 155 340 714
2872 155 253 283
2873 156 254 389
2874 156 338 389
2875 156 389 152
2876 156 180 221
2877 156 334 350
2878 156 183 110
2879 156 342 544
2880 156 219 865
2881 156 204 428
2882 156 223 29
2883 156 202 96
2884 157 162 33
2885 157 359 820
2886 157 297 137
2887 157 241 990
2888 157 243 194
2889 157 367 794
2890 157 206 999
2891 157 341 976
2892 157 209 204
2893 158 398 994
2894 158 287 101
2895 158 227 382
2896 158 259 655
2897 158 270 229
2898 158 350 886
2899 158 193 661
2900 158 279 422
2901 158 249 493
2902 158 236 895
2903 159 266 166
2904 159 292 241
2905 159 259 712
2906 159 339 294
2907 159 231 512
2908 159 350 54
2909 159 223 763
2910 159 355 118
2911 159 332 354
2912 159 268 692
2913 159 379 427
2914 159 209 77
2915 159 390 397
2916 159 255 86
2917 159 260 697
2918 159 304 490
2919 159 286 414
2920 159 294 322
2921 159 206 885
2922 159 169 120
2923 159 190 226
2924 160 378 68
2925 160 302 159
2926 160 382 129
2927 160 294 71
2928 160 278 693
2929 160 183 691
2930 160 347 917
2931 160 343 72
2932 160 355 42
2933 160 282 552
2934 160 292 823
2935 160 377 141
2936 160 191 663
2937 160 390 419
2938 161 295 401
2939 161 253 631
2940 161 359 897
2941 161 221 354
2942 161 178 626
2943 161 236 46
2944 161 204 956
2945 161 239 54
2946 161 312 828
2947 161 196 385
2948 161 383 3
2949 161 301 705
2950 161 356 135
2951 161 372 279
2952 162 199 507
2953 162 190 856
2954 162 338 345
2955 162 298 132
2956 162 305 378
2957 162 309 433
2958 162 249 406
2959 162 398 503
2960 162 326 949
2961 162 201 576
2962 162 389 478
2963 162 243 489
2964 162 352 386
2965 162 293 75
2966 162 302 164
2967 163 316 687
2968 163 333 749
2969 163 373 63
2970 163 387 220
2971 163 342 540
2972 163 228 329
2973 163 177 113
2974 163 286 644
2975 163 169 214
2976 163 400 302
2977 163 204 330
2978 164 192 187
2979 164 249 379
2980 164 277 423
2981 164 244 240
2982 164 176 207
2983 164 262 327
2984 164 286 105
2985 164 185 771
2986 164 369 959
2987 164 209 939
2988 164 188 289
2989 164 365 370
2990 164 246 525
2991 165 364 412
2992 165 359 338
2993 165 269 639
2994 165 244 429
2995 165 167 885
2996 165 243 127
2997 165 191 989
2998 165 224 582
2999 165 174 514
3000 165 276 492
3001 165 250 616
3002 165 201 250
3003 166 209 413
3004 166 180 82
3005 166 364 557
3006 166 217 986
3007 166 370 699
3008 166 366 794
3009 166 251 34
3010 166 208 389
3011 166 244 460
3012 166 344 294
3013 166 310 47
3014 166 325 831
3015 166 316 209
3016 166 212 316
3017 166 330 898
3018 166 306 641
3019 166 390 131
3020 167 336 157
3021 167 197 931
3022 167 217 805
3023 167 267 84
3024 167 233 550
3025 167 181 810
3026 167 289 381
3027 167 323 213
3028 167 184 444
3029 167 175 806
3030 167 250 708
3031 168 179 418
3032 168 215 371
3033 168 189 216
3034 168 384 726
3035 168 200 929
3036 168 316 269
3037 168 349 942
3038 168 370 220
3039 168 368 992
3040 168 310 699
3041 168 246 699
3042 168 238 732
3043 168 373 343
3044 168 198 224
3045 168 397 602
3046 168 266 73
3047 168 395 578
3048 168 325 658
3049 169 275 273
3050 169 371 601
3051 169 346 595
3052 169 203 810
3053 169 334 557
3054 169 172 573
3055 169 336 725
3056 169 212 215
3057 169 374 853
3058 169 232 576
3059 170 399 35
3060 170 286 701
3061 170 270 68
3062 170 325 837
3063 170 186 773
3064 170 367 923
3065 170 350 276
3066 170 173 60
3067 170 175 792
3068 170 293 494
3069 171 298 798
3070 171 391 35
3071 171 252 405
3072 171 234 43
3073 171 347 407
3074 171 324 923
3075 171 289 765
3076 171 354 363
3077 171 339 782
3078 171 275 97
3079 171 374 616
3080 171 363 985
3081 171 349 835
3082 171 226 653
3083 172 175 795
3084 172 236 911
3085 172 390 656
3086 172 270 97
3087 172 217 889
3088 172 323 707
3089 172 388 887
3090 172 318 213
3091 172 354 76
3092 172 333 40
3093 173 355 705
3094 173 257 853
3095 173 191 545
3096 173 181 907
3097 173 295 199
3098 173 211 526
3099 173 240 412
3100 173 249 643
3101 173 262 954
3102 173 344 814
3103 174 280 582
3104 174 323 804
3105 174 233 317
3106 174 210 675
3107 174 317 668
3108 174 357 980
3109 174 190 539
3110 174 340 67
3111 174 396 940
3112 174 238 595
3113 175 293 731
3114 175 239 103
3115 175 229 637
3116 175 273 650
3117 175 195 597
3118 175 298 903
3119 176 229 201
3120 176 296 255
3121 176 216 89
3122 176 205 279
3123 176 195 7
3124 176 311 397
3125 176 245 324
3126 176 333 579
3127 176 247 689
3128 176 274 381
3129 176 335 321
3130 176 392 269
3131 177 379 614
3132 177 210 896
3133 177 307 698
3134 177 330 878
3135 177 194 524
3136 177 371 796
3137 177 328 846
3138 177 366 694
3139 177 390 434
3140 177 290 633
3141 177 234 486
3142 177 334 382
3143 177 205 806
3144 177 244 861
3145 178 398 213
3146 178 287 277
3147 178 321 960
3148 178 291 460
3149 178 282 465
3150 178 393 564
3151 178 273 29
3152 178 266 506
3153 178 280 334
3154 178 311 673
3155 178 195 421
3156 179 343 446
3157 179 375 446
3158 179 374 611
3159 179 196 192
3160 179 292 977
3161 179 296 325
3162 179 201 568
3163 179 365 219
3164 179 180 421
3165 179 303 662
3166 179 254 23
3167 179 367 276
3168 180 356 887
3169 180 353 743
3170 180 202 676
3171 180 263 725
3172 180 382 938
3173 180 341 548
3174 180 236 719
3175 180 380 760
3176 180 335 84
3177 180 226 219
3178 180 324 597
3179 180 284 398
3180 180 334 39
3181 180 255 961
3182 181 382 953
3183 181 396 23
3184 181 374 656
3185 181 244 818
3186 181 277 415
3187 181 294 818
3188 181 359 351
3189 181 221 350
3190 181 349 603
3191 182 291 900
3192 182 270 923
3193 182 316 412
3194 182 400 628
3195 182 244 47
3196 183 266 441
3197 183 382 595
3198 183 361 776
3199 183 308 936
3200 183 186 84
3201 183 322 717
3202 183 294 364
3203 183 246 913
3204 183 389 153
3205 183 263 306
3206 183 315 218
3207 183 305 344
3208 183 353 305
3209 184 249 785
3210 184 300 182
3211 184 391 75
3212 184 313 509
3213 184 303 75
3214 184 273 997
3215 184 247 497
3216 185 276 281
3217 185 205 257
3218 185 340 928
3219 185 248 76
3220 185 241 865
3221 185 358 515
3222 185 373 834
3223 185 293 976
3224 185 352 284
3225 185 259 103
3226 185 393 432
3227 186 338 465
3228 186 291 897
3229 186 369 120
3230 186 210 182
3231 186 320 423
3232 186 220 936
3233 186 297 51
3234 186 208 295
3235 186 241 496
3236 186 257 682
3237 186 392 91
3238 187 329 722
3239 187 223 885
3240 187 388 203
3241 187 359 848
3242 187 341 554
3243 187 245 152
3244 187 360 878
3245 187 342 872
3246 187 301 149
3247 187 371 123
3248 187 274 579
3249 187 381 31
3250 187 253 265
3251 188 348 966
3252 188 268 778
3253 188 387 633
3254 188 378 365
3255 188 398 782
3256 188 320 280
3257 188 244 545
3258 188 250 970
3259 188 256 60
3260 189 199 255
3261 189 235 482
3262 189 285 712
3263 189 291 232
3264 189 326 585
3265 189 249 470
3266 189 377 969
3267 189 231 462
3268 190 389 972
3269 190 275 242
3270 190 334 422
3271 190 197 690
3272 190 325 168
3273 190 240 389
3274 190 280 647
3275 190 333 864
3276 191 383 70
3277 191 313 363
3278 191 284 231
3279 191 196 506
3280 191 318 621
3281 191 220 441
3282 191 234 833
3283 191 213 629
3284 191 254 783
3285 191 391 95
3286 191 226 180
3287 191 212 911
3288 191 246 499
3289 191 329 359
3290 192 197 479
3291 192 327 479
3292 192 283 736
3293 192 227 355
3294 192 271 521
3295 192 211 792
3296 192 234 673
3297 192 287 818
3298 192 263 391
3299 192 336 991
3300 192 325 24
3301 192 370 304
3302 192 368 95
3303 192 329 518
3304 192 203 488
3305 193 362 904
3306 193 273 190
3307 193 338 407
3308 193 386 508
3309 193 360 786
3310 193 267 32
3311 193 384 750
3312 193 254 853
3313 193 316 106
3314 193 336 979
3315 193 389 508
3316 194 252 623
3317 194 345 700
3318 194 292 566
3319 194 353 564
3320 194 391 957
3321 194 369 738
3322 194 379 325
3323 194 262 596
3324 194 326 507
3325 194 237 320
3326 194 370 106
3327 195 290 122
3328 195 247 76
3329 195 196 363
3330 195 330 523
3331 195 281 634
3332 196 319 948
3333 196 208 184
3334 196 343 286
3335 196 362 495
3336 196 203 54
3337 196 369 516
3338 196 344 467
3339 196 337 943
3340 196 215 310
3341 196 268 244
3342 197 351 633
3343 197 217 635
3344 197 303 726
3345 197 322 293
3346 197 318 5
3347 197 275 753
3348 197 350 186
3349 197 363 137
3350 197 223 607
3351 197 388 761
3352 197 325 810
3353 197 285 14
3354 198 309 190
3355 198 359 626
3356 198 354 239
3357 198 222 77
3358 198 398 252
3359 198 338 100
3360 198 373 351
3361 198 223 846
3362 198 316 645
3363 198 296 710
3364 198 254 512
3365 198 199 768
3366 198 211 447
3367 199 355 478
3368 199 367 22
3369 199 203 876
3370 199 310 260
3371 199 248 89
3372 199 230 306
3373 199 341 170
3374 199 252 167
3375 199 286 283
3376 199 377 810
3377 199 216 903
3378 199 384 768
3379 200 374 933
3380 200 348 884
3381 200 389 303
3382 200 327 820
3383 200 367 366
3384 200 392 237
3385 200 295 851
3386 200 237 669
3387 200 214 236
3388 200 350 251
3389 200 206 961
3390 200 211 481
3391 200 224 80
3392 200 388 596
3393 200 308 492
3394 201 286 560
3395 201 245 343
3396 201 364 405
3397 201 347 656
3398 201 296 382
3399 201 325 207
3400 201 393 128
3401 201 290 970
3402 201 300 18
3403 201 385 419
3404 202 325 558
3405 202 230 225
3406 202 280 621
3407 202 324 210
3408 202 378 298
3409 202 316 428
3410 203 393 982
3411 203 319 227
3412 203 378 688
3413 203 247 660
3414 203 268 592
3415 203 394 373
3416 203 372 939
3417 203 321 916
3418 203 230 199
3419 203 242 543
3420 203 217 971
3421 203 253 8
3422 203 317 456
3423 203 223 431
3424 203 318 875
3425 204 220 602
3426 204 208 475
3427 204 341 70
3428 204 248 939
3429 204 262 682
3430 204 295 745
3431 205 316 109
3432 205 356 944
3433 205 280 79
3434 205 322 222
3435 205 303 961
3436 205 354 928
3437 205 372 41
3438 205 325 961
3439 206 348 908
3440 206 338 443
3441 206 327 256
3442 206 374 604
3443 206 209 418
3444 206 293 599
3445 206 265 708
3446 206 211 984
3447 206 261 157
3448 206 213 701
3449 206 267 652
3450 206 248 273
3451 207 227 56
3452 207 329 748
3453 207 270 359
3454 207 352 55
3455 207 390 576
3456 207 296 28
3457 207 233 773
3458 208 261 652
3459 208 378 465
3460 208 220 252
3461 208 344 553
3462 208 332 329
3463 208 295 268
3464 208 255 943
3465 208 284 775
3466 208 297 918
3467 208 312 245
3468 208 282 684
3469 208 387 308
3470 209 315 923
3471 209 298 676
3472 209 265 826
3473 209 352 296
3474 209 276 305
3475 209 314 3
3476 209 345 74
3477 209 247 201
3478 209 339 237
3479 209 214 64
3480 209 394 110
3481 209 305 444
3482 209 297 698
3483 210 320 393
3484 210 364 753
3485 210 393 593
3486 210 285 62
3487 210 380 962
3488 210 214 572
3489 211 322 329
3490 211 294 842
3491 211 306 320
3492 211 397 996
3493 211 318 507
3494 211 290 227
3495 211 362 874
3496 212 365 374
3497 212 393 557
3498 212 387 940
3499 212 213 754
3500 212 237 40
3501 212 399 190
3502 212 248 647
3503 212 223 394
3504 212 362 235
3505 213 300 747
3506 213 254 531
3507 213 258 807
3508 213 387 12
3509 213 315 888
3510 213 308 807
3511 213 214 475
3512 213 223 650
3513 213 224 225
3514 213 236 629
3515 213 346 122
3516 213 280 232
3517 213 357 608
3518 213 396 697
3519 213 265 657
3520 214 341 850
3521 214 266 842
3522 214 284 972
3523 214 351 653
3524 214 329 617
3525 214 216 597
3526 214 260 25
3527 214 356 137
3528 214 257 787
3529 215 329 820
3530 215 316 529
3531 215 376 403
3532 215 382 489
3533 215 324 95
3534 215 222 102
3535 215 257 920
3536 215 298 659
3537 216 249 454
3538 216 377 339
3539 216 308 214
3540 216 361 187
3541 216 389 999
3542 216 236 460
3543 216 255 720
3544 216 400 149
3545 216 376 999
3546 216 322 93
3547 216 293 376
3548 217 387 541
3549 217 332 174
3550 217 373 502
3551 217 291 175
3552 217 276 743
3553 217 280 997
3554 217 292 282
3555 217 338 722
3556 217 256 76
3557 217 376 766
3558 217 244 236
3559 217 275 779
3560 217 253 751
3561 217 303 873
3562 218 313 843
3563 218 262 220
3564 218 252 342
3565 218 371 403
3566 219 358 163
3567 219 232 805
3568 219 247 943
3569 219 283 263
3570 219 288 385
3571 219 343 71
3572 220 300 500
3573 220 315 972
3574 220 302 391
3575 220 231 311
3576 220 330 869
3577 220 387 151
3578 220 246 491
3579 221 316 449
3580 221 335 400
3581 221 313 996
3582 221 253 661
3583 221 378 698
3584 221 315 169
3585 221 356 170
3586 221 349 336
3587 221 286 602
3588 221 310 177
3589 221 317 897
3590 222 289 555
3591 222 273 680
3592 222 336 742
3593 222 383 500
3594 222 266 423
3595 222 305 902
3596 222 284 407
3597 222 241 695
3598 222 313 459
3599 222 364 78
3600 222 310 473
3601 222 259 341
3602 223 290 88
3603 223 267 516
3604 223 392 140
3605 223 328 881
3606 223 261 427
3607 223 338 497
3608 223 320 856
3609 223 287 647
3610 223 269 62
3611 223 316 331
3612 223 396 290
3613 224 369 216
3614 224 262 404
3615 224 299 855
3616 224 261 603
3617 224 297 768
3618 225 264 561
3619 225 251 102
3620 225 330 473
3621 225 248 552
3622 225 234 902
3623 225 326 887
3624 225 324 947
3625 225 389 291
3626 225 285 871
3627 226 343 954
3628 226 253 554
3629 226 376 282
3630 226 270 588
3631 226 383 63
3632 226 330 510
3633 226 385 822
3634 226 340 80
3635 227 235 157
3636 227 297 849
3637 227 342 383
3638 227 298 558
3639 227 321 881
3640 227 283 751
3641 228 319 766
3642 228 236 670
3643 228 312 671
3644 228 304 127
3645 228 235 401
3646 228 248 660
3647 228 231 460
3648 228 381 601
3649 228 232 400
3650 228 367 15
3651 228 237 296
3652 228 391 725
3653 229 337 403
3654 229 299 450
3655 229 240 301
3656 229 374 706
3657 229 333 420
3658 229 231 918
3659 229 236 759
3660 230 355 476
3661 230 232 993
3662 230 263 453
3663 230 239 706
3664 230 374 75
3665 230 322 70
3666 230 337 163
3667 230 320 377
3668 230 258 24
3669 230 373 26
3670 230 332 10
3671 230 274 116
3672 230 247 424
3673 230 305 75
3674 231 309 576
3675 231 395 986
3676 231 399 576
3677 231 292 862
3678 231 271 979
3679 231 232 633
3680 231 238 933
3681 231 249 11
3682 231 302 300
3683 231 366 214
3684 231 265 841
3685 231 374 664
3686 231 322 102
3687 231 397 480
3688 232 260 648
3689 232 237 591
3690 232 337 205
3691 232 261 846
3692 232 395 843
3693 232 250 122
3694 232 335 147
3695 232 336 602
3696 232 383 398
3697 232 314 62
3698 232 296 939
3699 233 267 914
3700 233 365 316
3701 233 331 147
3702 233 299 669
3703 233 342 182
3704 233 284 119
3705 233 380 881
3706 233 382 491
3707 233 280 563
3708 233 272 595
3709 233 370 292
3710 233 368 911
3711 234 333 832
3712 234 360 165
3713 234 237 648
3714 234 365 902
3715 234 297 444
3716 234 247 70
3717 235 270 654
3718 235 364 836
3719 235 252 85
3720 235 278 834
3721 235 329 824
3722 235 318 781
3723 235 392 278
3724 235 348 944
3725 235 295 976
3726 236 241 602
3727 236 353 626
3728 236 361 795
3729 236 342 144
3730 236 266 180
3731 236 249 873
3732 236 270 68
3733 237 372 867
3734 237 267 278
3735 237 280 499
3736 237 348 461
3737 237 342 597
3738 237 398 552
3739 237 328 984
3740 237 307 377
3741 237 258 707
3742 237 378 958
3743 238 390 972
3744 238 265 979
3745 238 250 417
3746 238 242 902
3747 238 392 748
3748 238 294 483
3749 238 386 761
3750 239 390 18
3751 239 265 680
3752 239 339 448
3753 239 241 761
3754 239 254 479
3755 239 245 769
3756 239 311 804
3757 239 371 376
3758 239 247 159
3759 239 271 257
3760 239 382 734
3761 239 399 654
3762 239 262 793
3763 239 388 488
3764 240 347 900
3765 240 309 141
3766 240 273 862
3767 240 255 43
3768 240 286 463
3769 240 243 202
3770 240 314 370
3771 241 251 627
3772 241 299 154
3773 241 344 179
3774 241 248 637
3775 241 264 661
3776 241 302 305
3777 241 269 783
3778 241 307 74
3779 241 276 100
3780 241 246 839
3781 241 271 256
3782 241 320 673
3783 242 300 450
3784 242 360 840
3785 242 289 991
3786 242 374 761
3787 242 268 368
3788 242 257 575
3789 242 292 552
3790 242 272 15
3791 242 264 712
3792 242 298 370
3793 242 389 405
3794 243 371 592
3795 243 283 410
3796 243 250 336
3797 243 245 518
3798 243 323 902
3799 243 327 848
3800 243 387 747
3801 244 392 325
3802 244 352 951
3803 244 363 834
3804 244 339 953
3805 244 249 106
3806 244 371 505
3807 244 337 250
3808 244 350 955
3809 244 396 765
3810 244 355 599
3811 245 330 741
3812 245 312 295
3813 245 350 876
3814 245 372 161
3815 245 342 802
3816 245 320 126
3817 246 348 903
3818 246 264 690
3819 246 330 583
3820 246 389 746
3821 246 334 469
3822 246 398 695
3823 246 280 710
3824 246 306 871
3825 246 271 324
3826 247 273 633
3827 247 304 426
3828 247 264 934
3829 247 300 108
3830 247 313 987
3831 247 348 287
3832 247 367 363
3833 247 357 58
3834 248 300 748
3835 248 291 848
3836 248 313 713
3837 248 277 883
3838 248 393 914
3839 248 272 332
3840 248 366 573
3841 248 325 483
3842 248 302 303
3843 249 290 210
3844 249 339 274
3845 249 376 163
3846 249 380 917
3847 249 270 286
3848 249 378 432
3849 249 268 485
3850 250 329 625
3851 250 316 698
3852 250 379 532
3853 250 317 317
3854 250 313 313
3855 250 344 45
3856 250 275 294
3857 250 296 266
3858 251 393 277
3859 251 369 472
3860 251 388 699
3861 251 276 95
3862 251 322 606
3863 251 273 823
3864 251 277 634
3865 251 352 520
3866 251 324 667
3867 252 393 607
3868 252 281 236
3869 252 340 425
3870 252 388 986
3871 252 384 309
3872 252 301 101
3873 252 365 509
3874 252 266 371
3875 252 334 79
3876 253 264 743
3877 253 361 707
3878 253 365 445
3879 253 335 199
3880 253 304 175
3881 253 354 828
3882 253 326 476
3883 254 334 40
3884 254 342 45
3885 254 396 502
3886 254 290 182
3887 254 400 43
3888 254 346 268
3889 254 308 997
3890 254 296 889
3891 254 385 137
3892 254 258 789
3893 255 289 63
3894 255 298 783
3895 255 300 182
3896 255 257 457
3897 255 283 33
3898 255 348 534
3899 255 303 210
3900 255 278 671
3901 256 268 251
3902 256 366 272
3903 256 364 967
3904 256 350 752
3905 256 309 641
3906 256 335 302
3907 256 262 462
3908 256 311 301
3909 256 276 639
3910 256 259 395
3911 257 280 582
3912 257 339 818
3913 257 384 764
3914 257 353 139
3915 258 381 902
3916 258 399 493
3917 258 260 802
3918 258 338 76
3919 258 294 420
3920 258 310 379
3921 258 313 637
3922 259 347 17
3923 259 355 194
3924 259 290 906
3925 259 299 944
3926 259 268 97
3927 259 383 572
3928 259 288 947
3929 259 344 141
3930 259 303 772
3931 260 309 93
3932 260 294 112
3933 260 302 821
3934 260 285 185
3935 261 283 494
3936 261 377 577
3937 261 378 177
3938 261 399 767
3939 261 293 852
3940 261 338 746
3941 261 349 492
3942 261 391 51
3943 261 327 668
3944 261 291 223
3945 262 377 457
3946 262 280 320
3947 263 342 657
3948 263 271 102
3949 263 336 524
3950 263 334 7
3951 263 381 902
3952 263 372 120
3953 263 393 65
3954 263 327 82
3955 264 359 640
3956 264 289 457
3957 264 381 224
3958 264 290 207
3959 265 328 818
3960 265 329 326
3961 265 376 273
3962 265 384 825
3963 265 340 171
3964 265 370 357
3965 265 325 509
3966 266 400 999
3967 266 289 915
3968 266 328 949
3969 266 325 604
3970 266 303 442
3971 266 283 874
3972 266 371 106
3973 266 271 576
3974 266 351 986
3975 266 360 440
3976 267 288 53
3977 267 315 355
3978 267 377 813
3979 267 378 238
3980 268 269 882
3981 268 368 653
3982 268 305 325
3983 269 362 902
3984 269 394 236
3985 269 313 932
3986 269 288 104
3987 269 345 17
3988 269 348 148
3989 269 308 859
3990 269 400 555
3991 269 387 187
3992 270 372 670
3993 270 348 539
3994 270 359 612
3995 270 301 948
3996 270 380 296
3997 270 275 443
3998 270 386 459
3999 270 371 70
4000 271 307 337
4001 271 323 326
4002 271 303 279
4003 271 296 578
4004 271 300 607
4005 271 310 430
4006 271 291 478
4007 272 400 440
4008 272 275 417
4009 272 389 625
4010 272 319 643
4011 272 347 145
4012 272 329 327
4013 272 374 992
4014 272 379 834
4015 273 367 894
4016 273 350 570
4017 273 376 501
4018 273 324 624
4019 273 356 782
4020 273 315 444
4021 274 372 929
4022 274 287 887
4023 274 389 703
4024 274 393 39
4025 274 398 124
4026 275 379 364
4027 275 382 738
4028 275 315 611
4029 275 288 749
4030 275 291 279
4031 275 336 98
4032 275 322 619
4033 275 328 166
4034 275 371 101
4035 276 295 688
4036 276 340 278
4037 276 283 908
4038 276 282 871
4039 276 286 2
4040 276 347 685
4041 276 342 647
4042 277 305 762
4043 277 371 487
4044 277 288 467
4045 277 283 23
4046 277 280 283
4047 277 292 142
4048 277 299 31
4049 277 345 81
4050 277 332 691
4051 277 313 792
4052 278 373 573
4053 278 298 570
4054 278 324 55
4055 278 297 640
4056 278 338 670
4057 279 297 697
4058 279 281 16
4059 279 324 508
4060 279 333 94
4061 279 296 711
4062 279 332 678
4063 279 366 896
4064 279 358 844
4065 279 316 81
4066 280 391 975
4067 280 348 164
4068 280 374 786
4069 280 350 195
4070 280 315 373
4071 280 334 300
4072 280 379 833
4073 280 341 916
4074 280 304 226
4075 280 287 446
4076 280 310 999
4077 281 294 548
4078 281 387 63
4079 281 369 925
4080 281 377 414
4081 281 395 744
4082 281 365 334
4083 282 353 984
4084 282 310 275
4085 282 346 632
4086 282 379 774
4087 282 298 519
4088 282 400 346
4089 283 396 988
4090 283 373 640
4091 283 306 244
4092 283 317 312
4093 283 302 619
4094 284 400 708
4095 284 298 812
4096 284 348 531
4097 284 366 454
4098 284 341 517
4099 284 362 362
4100 284 383 781
4101 284 308 512
4102 284 302 107
4103 285 354 952
4104 285 336 902
4105 285 298 500
4106 285 334 115
4107 285 326 9
4108 285 331 420
4109 285 301 724
4110 286 385 33
4111 286 327 153
4112 286 339 372
4113 286 334 390
4114 286 288 461
4115 286 366 223
4116 286 400 82
4117 286 386 360
4118 286 324 222
4119 286 310 862
4120 287 389 935
4121 287 360 761
4122 287 337 398
4123 287 299 889
4124 288 337 704
4125 288 325 342
4126 288 329 920
4127 288 327 720
4128 288 349 289
4129 289 305 960
4130 289 314 170
4131 289 366 64
4132 289 327 912
4133 289 334 44
4134 289 340 517
4135 289 397 377
4136 289 291 20
4137 290 361 342
4138 290 352 344
4139 290 299 898
4140 291 333 943
4141 291 397 606
4142 291 313 353
4143 292 386 954
4144 292 339 404
4145 292 360 394
4146 293 323 249
4147 293 302 875
4148 293 365 273
4149 293 343 923
4150 293 351 103
4151 294 313 497
4152 294 321 368
4153 295 365 507
4154 295 373 912
4155 295 305 935
4156 295 395 798
4157 295 387 703
4158 296 398 621
4159 296 393 760
4160 296 362 580
4161 296 354 518
4162 297 390 659
4163 297 379 921
4164 297 394 632
4165 297 367 129
4166 298 300 109
4167 298 379 380
4168 298 314 606
4169 299 387 965
4170 299 363 458
4171 299 318 151
4172 299 391 629
4173 299 392 226
4174 300 378 372
4175 300 340 607
4176 300 364 854
4177 300 306 590
4178 300 314 407
4179 300 305 750
4180 300 325 354
4181 300 395 608
4182 301 361 203
4183 301 308 538
4184 301 399 598
4185 301 337 657
4186 301 386 18
4187 301 329 680
4188 302 384 754
4189 302 379 946
4190 302 339 11
4191 302 340 383
4192 302 355 7
4193 302 356 901
4194 302 391 695
4195 302 359 57
4196 303 387 1
4197 303 352 21
4198 304 343 970
4199 304 366 566
4200 304 310 893
4201 304 313 607
4202 305 337 481
4203 305 383 628
4204 305 311 724
4205 305 365 201
4206 305 373 222
4207 305 385 651
4208 305 394 339
4209 305 315 834
4210 306 314 463
4211 306 382 97
4212 307 316 275
4213 307 387 360
4214 307 383 442
4215 307 310 913
4216 307 353 574
4217 307 345 679
4218 307 322 431
4219 307 399 670
4220 307 315 864
4221 307 362 202
4222 308 366 235
4223 309 374 315
4224 309 381 826
4225 310 375 652
4226 310 328 150
4227 311 388 408
4228 311 331 234
4229 312 318 127
4230 312 317 334
4231 312 370 65
4232 312 372 14
4233 312 381 577
4234 313 360 848
4235 313 316 751
4236 313 326 785
4237 313 398 234
4238 314 343 617
4239 314 381 509
4240 314 354 767
4241 315 343 254
4242 315 398 38
4243 315 344 120
4244 316 327 549
4245 316 363 144
4246 316 383 40
4247 316 387 232
4248 316 395 511
4249 317 342 710
4250 318 361 308
4251 318 366 503
4252 318 360 413
4253 318 383 602
4254 318 372 730
4255 319 371 353
4256 319 388 632
4257 319 358 857
4258 320 372 686
4259 321 377 846
4260 321 388 330
4261 321 367 439
4262 321 331 509
4263 321 351 164
4264 322 327 418
4265 322 396 167
4266 323 335 102
4267 324 372 567
4268 324 346 725
4269 325 348 810
4270 325 380 320
4271 326 366 760
4272 326 346 974
4273 326 353 72
4274 326 330 258
4275 327 378 942
4276 327 400 573
4277 328 346 271
4278 328 382 384
4279 328 343 980
4280 328 369 818
4281 328 383 787
4282 328 386 939
4283 328 362 846
4284 329 347 865
4285 329 376 29
4286 329 354 306
4287 329 360 386
4288 329 345 65
4289 330 346 8
4290 332 398 447
4291 333 344 157
4292 333 353 415
4293 333 365 433
4294 334 390 669
4295 334 378 100
4296 335 351 664
4297 335 358 873
4298 336 385 550
4299 336 339 478
4300 336 381 576
4301 337 391 976
4302 337 383 834
4303 338 394 287
4304 338 347 530
4305 338 359 512
4306 338 390 949
4307 338 393 463
4308 338 362 11
4309 338 360 326
4310 338 384 196
4311 339 360 977
4312 339 343 195
4313 339 346 194
4314 339 392 661
4315 340 378 536
4316 340 363 477
4317 340 376 573
4318 340 346 848
4319 340 366 192
4320 341 362 186
4321 341 355 316
4322 341 389 620
4323 341 373 678
4324 341 369 478
4325 342 346 736
4326 343 386 964
4327 343 354 486
4328 344 381 296
4329 344 377 479
4330 344 398 540
4331 344 354 592
4332 345 397 424
4333 345 367 400
4334 345 394 172
4335 345 365 912
4336 346 381 459
4337 346 383 664
4338 346 359 183
4339 347 384 428
4340 348 370 7
4341 348 367 305
4342 348 357 574
4343 348 395 896
4344 349 382 292
4345 349 397 415
4346 349 353 635
4347 350 362 335
4348 350 376 676
4349 350 399 191
4350 350 365 530
4351 351 375 338
4352 352 376 789
4353 354 369 920
4354 354 360 499
4355 355 363 664
4356 355 358 845
4357 355 368 634
4358 356 380 3
4359 358 385 518
4360 360 375 839
4361 361 394 227
4362 361 400 977
4363 361 376 689
4364 361 397 858
4365 362 377 158
4366 362 366 946
4367 362 368 394
4368 362 399 175
4369 363 398 699
4370 363 396 89
4371 364 398 17
4372 364 397 406
4373 365 376 522
4374 365 388 626
4375 366 389 420
4376 367 391 751
4377 367 389 770
4378 369 377 531
4379 370 397 600
4380 370 378 492
4381 373 392 354
4382 373 394 440
4383 373 399 792
4384 374 398 472
4385 376 380 142
4386 376 382 913
4387 377 397 186
4388 377 383 644
4389 377 391 675
4390 378 397 124
4391 379 389 657
4392 381 385 372
4393 382 383 468
4394 382 388 727
4395 388 391 623
4396 389 391 4
4397 391 395 188
4398 392 397 968
4399 396 397 71
